Iteration	CPUTime	PhysTime	Travels	Value	AvValue	MinValue	MaxValue	Delta	Criteria	Progress	CriteriaType	CriteriaVarType	CriteriaPercentage
1	3	0	0.0158636953	101325	101325	101325	101325	0	0	0	0	0	0	3
2	4	0	0.0317273906	101333.763	101329.381	101325	101333.763	4.3812926	0	0	0	0	0	3
3	4	0	0.0475910859	101327.509	101328.757	101325	101333.763	4.3812926	0	0	0	0	0	3
4	5	0	0.0634547812	101330.113	101329.096	101325	101333.763	4.3812926	0	0	0	0	0	3
5	5	0	0.0793184765	101327.965	101328.87	101325	101333.763	4.3812926	0	0	0	0	0	3
6	6	0	0.0951821718	101328.2	101328.758	101325	101333.763	4.3812926	0	0	0	0	0	3
7	6	0	0.111045867	101326.97	101328.503	101325	101333.763	4.3812926	0	0	0	0	0	3
8	7	0	0.126909562	101326.466	101328.248	101325	101333.763	4.3812926	0	0	0	0	0	3
9	7	0	0.142773258	101326.185	101328.019	101325	101333.763	4.3812926	0	0	0	0	0	3
10	8	0	0.158636953	101325.59	101327.776	101325	101333.763	4.3812926	0	0	0	0	0	3
11	8	0	0.174500648	101325.641	101327.582	101325	101333.763	4.3812926	0	0	0	0	0	3
12	9	0	0.190364344	101325.329	101327.394	101325	101333.763	4.3812926	0	0	0	0	0	3
13	9	0	0.206228039	101325.361	101327.238	101325	101333.763	4.3812926	0	0	0	0	0	3
14	9	0	0.222091734	101325.277	101327.098	101325	101333.763	4.3812926	0	0	0	0	0	3
15	10	0	0.23795543	101325.24	101326.974	101325	101333.763	4.3812926	0	0	0	0	0	3
16	10	0	0.253819125	101325.188	101326.862	101325	101333.763	4.3812926	0	0	0	0	0	3
17	11	0	0.26968282	101325.173	101326.763	101325	101333.763	4.3812926	0	0	0	0	0	3
18	11	0	0.285546516	101325.122	101326.672	101325	101333.763	4.3812926	0	0	0	0	0	3
19	12	0	0.301410211	101325.107	101326.589	101325	101333.763	4.3812926	0	0	0	0	0	3
20	12	0	0.317273906	101325.069	101326.513	101325	101333.763	4.3812926	0	0	0	0	0	3
21	12	0	0.333137601	101325.061	101326.444	101325	101333.763	4.3812926	0	0	0	0	0	3
22	13	0	0.349001297	101325.034	101326.38	101325	101333.763	4.3812926	0	0	0	0	0	3
23	13	0	0.364864992	101325.028	101326.321	101325	101333.763	4.3812926	0	0	0	0	0	3
24	14	0	0.380728687	101325.01	101326.267	101325	101333.763	4.3812926	0	0	0	0	0	3
25	14	0	0.396592383	101325.009	101326.216	101325	101333.763	4.3812926	0	0	0	0	0	3
26	15	0	0.412456078	101325.001	101326.17	101325	101333.763	4.3812926	0	0	0	0	0	3
27	15	0	0.428319773	101325	101326.126	101325	101333.763	4.3812926	0	0	0	0	0	3
28	15	0	0.444183469	101325	101326.086	101325	101333.763	4.3812926	0	0	0	0	0	3
29	16	0	0.460047164	101325	101326.049	101325	101333.763	4.3812926	0	0	0	0	0	3
30	16	0	0.475910859	101325	101326.014	101325	101333.763	4.3812926	0	0	0	0	0	3
31	17	0	0.491774554	101325	101325.981	101325	101333.763	4.3812926	0	0	0	0	0	3
32	17	0	0.50763825	101325	101325.95	101325	101333.763	4.3812926	0	0	0	0	0	3
33	17	0	0.523501945	101325	101325.95	101325	101333.763	3.43101773	0	0	0	0	0	3
34	18	0	0.53936564	101325	101325.676	101325	101330.113	3.41960229	0	0	0	0	0	3
35	18	0	0.555229336	101325	101325.598	101325	101330.113	3.49800204	0	0	0	0	0	3
36	19	0	0.571093031	101325	101325.438	101325	101328.2	3.20053845	0	0	0	0	0	3
37	19	0	0.586956726	101325	101325.346	101325	101328.2	3.20063628	0	0	0	0	0	3
38	19	0	0.602820422	101325	101325.246	101325	101326.97	1.97045633	0	0	0	0	0	3
39	20	0	0.618684117	101325	101325.184	101325	101326.466	1.46609121	0	0	0	0	0	3
40	20	0	0.634547812	101324.999	101325.138	101324.999	101326.185	1.18583614	0	0	0	0	0	3
41	21	0	0.650411508	101324.999	101325.101	101324.999	101325.641	0.641432085	0	0	0	0	0	3
42	21	0	0.666275203	101324.999	101325.083	101324.999	101325.641	0.641432085	0	0	0	0	0	3
43	21	0	0.682138898	101324.999	101325.063	101324.999	101325.361	0.361212217	0	0	0	0	0	3
44	22	0	0.698002593	101325	101325.052	101324.999	101325.361	0.361212217	0	0	0	0	0	3
45	22	0	0.713866289	101325	101325.041	101324.999	101325.277	0.277312001	0	0	0	0	0	3
46	23	0	0.729729984	101325	101325.032	101324.999	101325.24	0.240583728	0	0	0	0	0	3
47	23	0	0.745593679	101325	101325.025	101324.999	101325.188	0.188165691	0	0	0	0	0	3
48	23	0	0.761457375	101325	101325.019	101324.999	101325.173	0.173441446	0	0	0	0	0	3
49	24	0	0.77732107	101325	101325.014	101324.999	101325.122	0.122123291	0	0	0	0	0	3
50	24	0	0.793184765	101325	101325.01	101324.999	101325.107	0.107384299	0	0	0	0	0	3
51	24	0	0.809048461	101325	101325.007	101324.999	101325.069	0.06927076	0	0	0	0	0	3
52	25	0	0.824912156	101325	101325.004	101324.999	101325.061	0.0617066994	0	0	0	0	0	3
53	25	0	0.840775851	101325	101325.002	101324.999	101325.034	0.0343282056	0	0	0	0	0	3
54	26	0	0.856639547	101325	101325.001	101324.999	101325.028	0.0290902586	0	0	0	0	0	3
55	26	0	0.872503242	101324.999	101325	101324.999	101325.01	0.0105417438	0	0	0	0	0	3
56	26	0	0.888366937	101324.999	101325	101324.999	101325.009	0.0103878336	0	0	0	0	0	3
57	27	0	0.904230632	101324.998	101325	101324.998	101325.001	0.00358879415	0	0	0	0	0	3
58	27	0	0.920094328	101324.996	101325	101324.996	101325	0.00391089366	0	0	0	0	0	3
59	27	0	0.935958023	101324.994	101324.999	101324.994	101325	0.00575416592	0	0	0	0	0	3
60	28	0	0.951821718	101324.992	101324.999	101324.992	101325	0.00847108905	0	0	0	0	0	3
61	28	0	0.967685414	101324.988	101324.999	101324.988	101325	0.0118064695	0	0	0	0	0	3
62	29	0	0.983549109	101324.984	101324.998	101324.984	101325	0.015700661	0	0	0	0	0	3
63	29	0	0.999412804	101324.98	101324.998	101324.98	101325	0.0199989546	0	0	0	0	0	3
64	30	0	1.0152765	101324.976	101324.997	101324.976	101325	0.0240924427	0.154108762	0	100	0	0	3
65	30	0	1.03114019	101324.974	101324.996	101324.974	101325	0.0264452288	0.154180465	0	100	0	0	3
66	31	0	1.04700389	101324.972	101324.995	101324.972	101325	0.0276591038	0.154198713	0	100	0	0	3
67	31	0	1.06286759	101324.974	101324.994	101324.972	101325	0.0276591038	0.154204796	0	100	0	0	3
68	32	0	1.07873128	101324.976	101324.994	101324.972	101325	0.0276591038	0.154108762	0	100	0	0	3
69	32	0	1.09459498	101324.978	101324.993	101324.972	101325	0.0276591038	0.154108762	0	100	0	0	3
70	33	0	1.11045867	101324.98	101324.992	101324.972	101325	0.0276591038	0.154108762	0	100	0	0	3
71	33	0	1.12632237	101324.983	101324.992	101324.972	101325	0.0276591038	0.154108762	0	100	0	0	3
72	34	0	1.14218606	101324.984	101324.991	101324.972	101325	0.0276591038	0.154108762	0	100	0	0	3
73	34	0	1.15804976	101324.986	101324.991	101324.972	101325	0.0276591038	0.154108762	0	100	0	0	3
74	35	0	1.17391345	101324.987	101324.991	101324.972	101325	0.0276591038	0.154108762	0	100	0	0	3
75	36	0	1.18977715	101324.988	101324.99	101324.972	101325	0.0276591038	0.154108762	0	100	0	0	3
76	36	0	1.20564084	101324.988	101324.99	101324.972	101325	0.0276591038	0.154108762	0	100	0	0	3
77	37	0	1.22150454	101324.987	101324.989	101324.972	101325	0.0276591038	0.154108762	0	100	0	0	3
78	37	0	1.23736823	101324.986	101324.989	101324.972	101325	0.0276591038	0.154108762	0	100	0	0	3
79	38	0	1.25323193	101324.985	101324.989	101324.972	101325	0.0276591038	0.154108762	0	100	0	0	3
80	38	0	1.26909562	101324.983	101324.988	101324.972	101325	0.0256273014	0.154108762	0	100	0	0	3
81	39	0	1.28495932	101324.981	101324.987	101324.972	101325	0.0224244597	0.154108762	0	100	0	0	3
82	39	0	1.30082302	101324.978	101324.987	101324.972	101325	0.0197627977	0.154108762	0	100	0	0	3
83	40	0	1.31668671	101324.974	101324.986	101324.972	101325	0.0184099722	0.154108762	0	100	0	0	3
84	40	0	1.33255041	101324.972	101324.985	101324.972	101325	0.0173781314	0.154108762	0	100	0	0	3
85	41	0	1.3484141	101324.967	101324.984	101324.967	101325	0.0173300797	0.154108762	0	100	0	0	3
86	41	0	1.3642778	101324.962	101324.983	101324.962	101324.999	0.0175763325	0.154108762	0	100	0	0	3
87	42	0	1.38014149	101324.96	101324.982	101324.96	101324.999	0.0184706055	0.154108762	0	100	0	0	3
88	42	0	1.39600519	101324.954	101324.98	101324.954	101324.998	0.0195157526	0.154108762	0	100	0	0	3
89	43	0	1.41186888	101324.952	101324.979	101324.952	101324.996	0.0207964192	0.154108762	0	100	0	0	3
90	44	0	1.42773258	101324.949	101324.977	101324.949	101324.994	0.022100811	0.154108762	0	100	0	0	3
91	44	0	1.44359627	101324.949	101324.976	101324.949	101324.992	0.0232496413	0.154108762	0	100	0	0	3
92	45	0	1.45945997	101324.949	101324.975	101324.949	101324.988	0.0242195395	0.154108762	0	100	0	0	3
93	45	0	1.47532366	101324.95	101324.973	101324.949	101324.988	0.0249180834	0.154108762	0	100	0	0	3
94	46	0	1.49118736	101324.952	101324.972	101324.949	101324.988	0.0253070036	0.154108762	0	100	0	0	3
95	46	0	1.50705105	101324.954	101324.972	101324.949	101324.988	0.0253534061	0.154108762	0	100	0	0	3
96	47	0	1.52291475	101324.955	101324.971	101324.949	101324.988	0.0251817289	0.154108762	0	100	0	0	3
97	47	0	1.53877844	101324.957	101324.97	101324.949	101324.988	0.0248316415	0.154108762	0	100	0	0	3
98	48	0	1.55464214	101324.957	101324.97	101324.949	101324.988	0.0244873981	0.154108762	0	100	0	0	3
99	48	0	1.57050584	101324.958	101324.969	101324.949	101324.988	0.0242158019	0.154108762	0	100	0	0	3
100	49	0	1.58636953	101324.958	101324.969	101324.949	101324.988	0.0240903622	0.154108762	0	100	0	0	3
101	50	0	1.60223323	101324.958	101324.968	101324.949	101324.988	0.0241146372	0.154108762	0	100	0	0	3
102	50	0	1.61809692	101324.957	101324.968	101324.949	101324.988	0.0243222698	0.154108762	0	100	0	0	3
103	51	0	1.63396062	101324.955	101324.967	101324.949	101324.988	0.0247271975	0.154108762	0	100	0	0	3
104	51	0	1.64982431	101324.952	101324.966	101324.949	101324.988	0.0253102876	0.154108762	0	100	0	0	3
105	52	0	1.66568801	101324.949	101324.964	101324.949	101324.988	0.0260585654	0.154108762	0	100	0	0	3
106	52	0	1.6815517	101324.945	101324.963	101324.945	101324.988	0.0269815785	0.154108762	0	100	0	0	3
107	53	0	1.6974154	101324.941	101324.962	101324.941	101324.988	0.0280555466	0.154108762	0	100	0	0	3
108	53	0	1.71327909	101324.936	101324.96	101324.936	101324.987	0.0292698429	0.154108762	0	100	0	0	3
109	53	0	1.72914279	101324.932	101324.958	101324.932	101324.986	0.0305716283	0.154108762	0	100	0	0	3
110	54	0	1.74500648	101324.927	101324.957	101324.927	101324.985	0.0319596537	0.154108762	0	100	0	0	3
111	54	0	1.76087018	101324.922	101324.955	101324.922	101324.983	0.0334061912	0.154108762	0	100	0	0	3
112	55	0	1.77673387	101324.919	101324.953	101324.919	101324.981	0.0348259563	0.154108762	0	100	0	0	3
113	55	0	1.79259757	101324.916	101324.951	101324.916	101324.978	0.0361628273	0.154108762	0	100	0	0	3
114	56	0	1.80846126	101324.915	101324.949	101324.915	101324.974	0.0373577527	0.154108762	0	100	0	0	3
115	56	0	1.82432496	101324.913	101324.947	101324.913	101324.972	0.0383980776	0.154108762	0	100	0	0	3
116	57	0	1.84018866	101324.913	101324.945	101324.913	101324.967	0.0392052038	0.154108762	0	100	0	0	3
117	57	0	1.85605235	101324.913	101324.943	101324.913	101324.962	0.0397230838	0.154108762	0	100	0	0	3
118	58	0	1.87191605	101324.915	101324.942	101324.913	101324.96	0.0399671851	0.154108762	0	100	0	0	3
119	58	0	1.88777974	101324.916	101324.94	101324.913	101324.958	0.0399319278	0.154108762	0	100	0	0	3
120	59	0	1.90364344	101324.918	101324.939	101324.913	101324.958	0.0396085152	0.154108762	0	100	0	0	3
121	59	0	1.91950713	101324.919	101324.938	101324.913	101324.958	0.0391364145	0.154108762	0	100	0	0	3
122	60	0	1.93537083	101324.92	101324.937	101324.913	101324.958	0.0386186527	0.154108762	0	100	0	0	3
123	60	0	1.95123452	101324.921	101324.936	101324.913	101324.958	0.038146618	0.154108762	0	100	0	0	3
124	61	0	1.96709822	101324.922	101324.936	101324.913	101324.958	0.0377999504	0.154108762	0	100	0	0	3
125	61	0	1.98296191	101324.922	101324.935	101324.913	101324.958	0.0376751853	0.154108762	0	100	0	0	3
126	62	0	1.99882561	101324.921	101324.934	101324.913	101324.958	0.0378303769	0.154108762	0	100	0	0	3
127	62	0	2.0146893	101324.92	101324.933	101324.913	101324.958	0.0382410863	0.154108762	0	100	0	0	3
128	63	0	2.030553	101324.919	101324.932	101324.913	101324.958	0.0388502811	0.154108762	0	100	0	0	3
129	63	0	2.04641669	101324.918	101324.93	101324.913	101324.958	0.0396144834	0.154108762	0	100	0	0	3
130	64	0	2.06228039	101324.915	101324.929	101324.913	101324.958	0.0404375163	0.154108762	0	100	0	0	3
131	64	0	2.07814409	101324.913	101324.928	101324.913	101324.958	0.0413215198	0.154108762	0	100	0	0	3
132	65	0	2.09400778	101324.91	101324.926	101324.91	101324.958	0.0422050935	0.154108762	0	100	0	0	3
133	65	0	2.10987148	101324.906	101324.924	101324.906	101324.957	0.0431147902	0.154108762	0	100	0	0	3
134	66	0	2.12573517	101324.904	101324.923	101324.904	101324.955	0.0438957723	0.154108762	0	100	0	0	3
135	66	0	2.14159887	101324.9	101324.921	101324.9	101324.952	0.044593911	0.154108762	0	100	0	0	3
136	67	0	2.15746256	101324.898	101324.919	101324.898	101324.949	0.045150058	0.154108762	0	100	0	0	3
137	67	0	2.17332626	101324.895	101324.918	101324.895	101324.945	0.0455576222	0.154108762	0	100	0	0	3
138	68	0	2.18918995	101324.893	101324.916	101324.893	101324.941	0.045728918	0.154108762	0	100	0	0	3
139	69	0	2.20505365	101324.891	101324.914	101324.891	101324.936	0.0448971145	0.154108762	0	100	0	0	3
140	69	0	2.22091734	101324.891	101324.913	101324.891	101324.932	0.0414174143	0.154108762	0	100	0	0	3
141	70	0	2.23678104	101324.89	101324.912	101324.89	101324.927	0.037679565	0.154108762	0	100	0	0	3
142	70	0	2.25264473	101324.89	101324.911	101324.89	101324.922	0.0326305448	0.154108762	0	100	0	0	3
143	71	0	2.26850843	101324.891	101324.91	101324.89	101324.922	0.0322943187	0.154108762	0	100	0	0	3
144	71	0	2.28437212	101324.892	101324.909	101324.89	101324.922	0.0322943187	0.154108762	0	100	0	0	3
145	72	0	2.30023582	101324.893	101324.908	101324.89	101324.922	0.0322943187	0.154108762	0	100	0	0	3
146	72	0	2.31609951	101324.895	101324.907	101324.89	101324.922	0.0322943187	0.154108762	0	100	0	0	3
147	73	0	2.33196321	101324.896	101324.907	101324.89	101324.922	0.0322943187	0.154108762	0	100	0	0	3
148	73	0	2.34782691	101324.897	101324.906	101324.89	101324.922	0.0322943187	0.154108762	0	100	0	0	3
149	74	0	2.3636906	101324.897	101324.906	101324.89	101324.922	0.0322943187	0.154108762	0	100	0	0	3
150	74	0	2.3795543	101324.898	101324.905	101324.89	101324.922	0.0322943187	0.154108762	0	100	0	0	3
151	75	0	2.39541799	101324.899	101324.905	101324.89	101324.922	0.0322943187	0.154108762	0	100	0	0	3
152	75	0	2.41128169	101324.898	101324.904	101324.89	101324.922	0.0322943187	0.154108762	0	100	0	0	3
153	76	0	2.42714538	101324.899	101324.903	101324.89	101324.922	0.0322943187	0.154108762	0	100	0	0	3
154	77	0	2.44300908	101324.899	101324.903	101324.89	101324.922	0.0322943187	0.154108762	0	100	0	0	3
155	77	0	2.45887277	101324.898	101324.902	101324.89	101324.922	0.0322943187	0.154108762	0	100	0	0	3
156	78	0	2.47473647	101324.898	101324.901	101324.89	101324.922	0.0322105312	0.154108762	0	100	0	0	3
157	78	0	2.49060016	101324.896	101324.901	101324.89	101324.921	0.0318089949	0.154108762	0	100	0	0	3
158	79	0	2.50646386	101324.894	101324.9	101324.89	101324.92	0.0307896879	0.154108762	0	100	0	0	3
159	79	0	2.52232755	101324.893	101324.899	101324.89	101324.919	0.0294629759	0.154108762	0	100	0	0	3
160	80	0	2.53819125	101324.89	101324.898	101324.89	101324.918	0.0281670754	0.154108762	0	100	0	0	3
161	81	0	2.55405494	101324.888	101324.897	101324.888	101324.915	0.0273935783	0.154108762	0	100	0	0	3
162	81	0	2.56991864	101324.886	101324.896	101324.886	101324.913	0.0263947368	0.154108762	0	100	0	0	3
163	82	0	2.58578233	101324.884	101324.895	101324.884	101324.91	0.0256364555	0.154108762	0	100	0	0	3
164	82	0	2.60164603	101324.883	101324.894	101324.883	101324.906	0.0229323281	0.154108762	0	100	0	0	3
165	83	0	2.61750973	101324.881	101324.894	101324.881	101324.904	0.0228186379	0.154108762	0	100	0	0	3
166	83	0	2.63337342	101324.88	101324.893	101324.88	101324.9	0.0200993669	0.154108762	0	100	0	0	3
167	84	0	2.64923712	101324.879	101324.892	101324.879	101324.899	0.020549581	0.154108762	0	100	0	0	3
168	85	0	2.66510081	101324.879	101324.892	101324.879	101324.899	0.0207255299	0.154108762	0	100	0	0	3
169	85	0	2.68096451	101324.879	101324.891	101324.879	101324.899	0.0208849147	0.154108762	0	100	0	0	3
170	86	0	2.6968282	101324.879	101324.891	101324.879	101324.899	0.0208849147	0.154108762	0	100	0	0	3
171	86	0	2.7126919	101324.881	101324.89	101324.879	101324.899	0.0208849147	0.154108762	0	100	0	0	3
172	87	0	2.72855559	101324.882	101324.89	101324.879	101324.899	0.0208849147	0.154108762	0	100	0	0	3
173	87	0	2.74441929	101324.884	101324.89	101324.879	101324.899	0.0206549517	0.154108762	0	100	0	0	3
174	88	0	2.76028298	101324.885	101324.89	101324.879	101324.899	0.019809997	0.154108762	0	100	0	0	3
175	88	0	2.77614668	101324.887	101324.89	101324.879	101324.899	0.0190827105	0.154108762	0	100	0	0	3
176	89	0	2.79201037	101324.888	101324.89	101324.879	101324.899	0.0184710425	0.154108762	0	100	0	0	3
177	90	0	2.80787407	101324.889	101324.889	101324.879	101324.899	0.017972808	0.154108762	0	100	0	0	3
178	90	0	2.82373776	101324.89	101324.889	101324.879	101324.899	0.0175767421	0.154108762	0	100	0	0	3
179	91	0	2.83960146	101324.891	101324.889	101324.879	101324.899	0.0172109223	0.154108762	0	100	0	0	3
180	91	0	2.85546516	101324.892	101324.889	101324.879	101324.899	0.0168455485	0.154108762	0	100	0	0	3
181	92	0	2.87132885	101324.892	101324.889	101324.879	101324.899	0.0164728337	0.154108762	0	100	0	0	3
182	92	0	2.88719255	101324.892	101324.889	101324.879	101324.899	0.0161233658	0.154108762	0	100	0	0	3
183	93	0	2.90305624	101324.892	101324.888	101324.879	101324.899	0.0157146154	0.154108762	0	100	0	0	3
184	93	0	2.91891994	101324.891	101324.888	101324.879	101324.899	0.0153131034	0.154108762	0	100	0	0	3
185	94	0	2.93478363	101324.891	101324.888	101324.879	101324.899	0.0149201603	0.154108762	0	100	0	0	3
186	94	0	2.95064733	101324.89	101324.888	101324.879	101324.898	0.01447171	0.154108762	0	100	0	0	3
187	95	0	2.96651102	101324.889	101324.887	101324.879	101324.898	0.014005946	0.154108762	0	100	0	0	3
188	95	0	2.98237472	101324.887	101324.887	101324.879	101324.896	0.0135475246	0.154108762	0	100	0	0	3
189	96	0	2.99823841	101324.886	101324.887	101324.879	101324.894	0.0130269355	0.154108762	0	100	0	0	3
190	96	0	3.01410211	101324.884	101324.886	101324.879	101324.893	0.0124842922	0.154108762	0	100	0	0	3
191	97	0	3.0299658	101324.883	101324.886	101324.879	101324.892	0.0118976983	0.154108762	0	100	0	0	3
192	98	0	3.0458295	101324.881	101324.886	101324.879	101324.892	0.0112418131	0.154108762	0	100	0	0	3
193	98	0	3.06169319	101324.881	101324.886	101324.879	101324.892	0.0105587398	0.154108762	0	100	0	0	3
194	99	0	3.07755689	101324.88	101324.885	101324.879	101324.892	0.00986589427	0.154108762	0	100	0	0	3
195	99	0	3.09342058	101324.879	101324.885	101324.879	101324.892	0.00916238308	0.154108762	0	100	0	0	3
196	100	0	3.10928428	101324.879	101324.885	101324.879	101324.892	0.00849345393	0.154108762	0	100	0	0	3
197	100	0	3.12514798	101324.88	101324.885	101324.879	101324.892	0.00779304493	0.154108762	0	100	0	0	3
198	101	0	3.14101167	101324.88	101324.885	101324.879	101324.892	0.0071332705	0.154108762	0	100	0	0	3
199	101	0	3.15687537	101324.88	101324.885	101324.879	101324.892	0.00653635401	0.154108762	0	100	0	0	3
200	102	0	3.17273906	101324.881	101324.885	101324.879	101324.892	0.00602784967	0.154108762	0	100	0	0	3
201	103	0	3.18860276	101324.882	101324.885	101324.879	101324.892	0.00558668772	0.154108762	0	100	0	0	3
202	103	0	3.20446645	101324.883	101324.885	101324.879	101324.892	0.0052597808	0.154108762	0	100	0	0	3
203	104	0	3.22033015	101324.884	101324.886	101324.879	101324.892	0.00498611403	0.154108762	0	100	0	0	3
204	104	0	3.23619384	101324.885	101324.886	101324.879	101324.892	0.00482104733	0.154108762	0	100	0	0	3
205	105	0	3.25205754	101324.887	101324.886	101324.879	101324.892	0.00468145312	0.154108762	0	100	0	0	3
206	106	0	3.26792123	101324.888	101324.886	101324.879	101324.892	0.0045569395	0.154108762	0	100	0	0	3
207	106	0	3.28378493	101324.888	101324.886	101324.879	101324.892	0.00444103494	0.154108762	0	100	0	0	3
208	107	0	3.29964862	101324.886	101324.886	101324.879	101324.892	0.00431370783	0.154108762	0	100	0	0	3
209	107	0	3.31551232	101324.885	101324.886	101324.879	101324.892	0.00417151646	0.154108762	0	100	0	0	3
210	108	0	3.33137601	101324.883	101324.885	101324.879	101324.892	0.00402542581	0.154108762	0	100	0	0	3
211	108	0	3.34723971	101324.881	101324.885	101324.879	101324.892	0.003860825	0.154108762	0	100	0	0	3
212	109	0	3.3631034	101324.879	101324.885	101324.879	101324.892	0.00410986373	0.154108762	0	100	0	0	3
213	110	0	3.3789671	101324.877	101324.884	101324.877	101324.892	0.00438695768	0.154108762	0	100	0	0	3
214	110	0	3.3948308	101324.875	101324.884	101324.875	101324.892	0.00471109967	0.154108762	0	100	0	0	3
215	111	0	3.41069449	101324.872	101324.883	101324.872	101324.891	0.00510450131	0.154108762	0	100	0	0	3
216	111	0	3.42655819	101324.871	101324.882	101324.871	101324.891	0.00547897469	0.154108762	0	100	0	0	3
217	112	0	3.44242188	101324.87	101324.882	101324.87	101324.89	0.0058523491	0.154108762	0	100	0	0	3
218	112	0	3.45828558	101324.869	101324.881	101324.869	101324.889	0.00622943032	0.154108762	0	100	0	0	3
219	113	0	3.47414927	101324.868	101324.88	101324.868	101324.888	0.00655727039	0.154108762	0	100	0	0	3
220	114	0	3.49001297	101324.867	101324.88	101324.867	101324.888	0.00684836082	0.154108762	0	100	0	0	3
221	114	0	3.50587666	101324.868	101324.879	101324.867	101324.888	0.00710867002	0.154108762	0	100	0	0	3
222	115	0	3.52174036	101324.868	101324.879	101324.867	101324.888	0.00729711201	0.154108762	0	100	0	0	3
223	115	0	3.53760405	101324.871	101324.878	101324.867	101324.888	0.00745642188	0.154108762	0	100	0	0	3
224	116	0	3.55346775	101324.872	101324.878	101324.867	101324.888	0.00775402325	0.154108762	0	100	0	0	3
225	116	0	3.56933144	101324.873	101324.878	101324.867	101324.888	0.00798807658	0.154108762	0	100	0	0	3
226	117	0	3.58519514	101324.875	101324.878	101324.867	101324.888	0.00813277709	0.154108762	0	100	0	0	3
227	117	0	3.60105883	101324.876	101324.878	101324.867	101324.888	0.00822879047	0.154108762	0	100	0	0	3
228	118	0	3.61692253	101324.878	101324.878	101324.867	101324.888	0.00827348011	0.154108762	0	100	0	0	3
229	118	0	3.63278622	101324.879	101324.878	101324.867	101324.888	0.00827607792	0.154108762	0	100	0	0	3
230	119	0	3.64864992	101324.881	101324.878	101324.867	101324.888	0.00827607792	0.154108762	0	100	0	0	3
231	120	0	3.66451362	101324.882	101324.878	101324.867	101324.888	0.00827607792	0.154108762	0	100	0	0	3
232	120	0	3.68037731	101324.882	101324.878	101324.867	101324.888	0.00827607792	0.154108762	0	100	0	0	3
233	121	0	3.69624101	101324.883	101324.878	101324.867	101324.888	0.00827607792	0.154108762	0	100	0	0	3
234	121	0	3.7121047	101324.883	101324.878	101324.867	101324.888	0.00827607792	0.154108762	0	100	0	0	3
235	122	0	3.7279684	101324.882	101324.878	101324.867	101324.888	0.00827607792	0.154108762	0	100	0	0	3
236	122	0	3.74383209	101324.882	101324.878	101324.867	101324.888	0.00831529865	0.154108762	0	100	0	0	3
237	123	0	3.75969579	101324.881	101324.877	101324.867	101324.888	0.00850183955	0.154108762	0	100	0	0	3
238	123	0	3.77555948	101324.88	101324.877	101324.867	101324.888	0.00875931133	0.154108762	0	100	0	0	3
239	124	0	3.79142318	101324.879	101324.877	101324.867	101324.886	0.00898895484	0.154108762	0	100	0	0	3
240	124	0	3.80728687	101324.877	101324.877	101324.867	101324.885	0.00910988389	0.154108762	0	100	0	0	3
241	125	0	3.82315057	101324.876	101324.876	101324.867	101324.883	0.00916019088	0.154108762	0	100	0	0	3
242	125	0	3.83901426	101324.875	101324.876	101324.867	101324.883	0.00906650264	0.154108762	0	100	0	0	3
243	126	0	3.85487796	101324.874	101324.876	101324.867	101324.883	0.00885882342	0.154108762	0	100	0	0	3
244	126	0	3.87074165	101324.873	101324.876	101324.867	101324.883	0.00858509562	0.154108762	0	100	0	0	3
245	127	0	3.88660535	101324.871	101324.875	101324.867	101324.883	0.00824681344	0.154108762	0	100	0	0	3
246	128	0	3.90246905	101324.871	101324.875	101324.867	101324.883	0.00777580512	0.154108762	0	100	0	0	3
247	128	0	3.91833274	101324.87	101324.875	101324.867	101324.883	0.00722756602	0.154108762	0	100	0	0	3
248	129	0	3.93419644	101324.87	101324.875	101324.867	101324.883	0.00661361575	0.154108762	0	100	0	0	3
249	129	0	3.95006013	101324.87	101324.875	101324.867	101324.883	0.0059684016	0.154108762	0	100	0	0	3
250	130	0	3.96592383	101324.869	101324.875	101324.867	101324.883	0.00531293028	0.154108762	0	100	0	0	3
251	130	0	3.98178752	101324.87	101324.875	101324.867	101324.883	0.00469218544	0.154108762	0	100	0	0	3
252	131	0	3.99765122	101324.872	101324.875	101324.868	101324.883	0.00412299047	0.154108762	0	100	0	0	3
253	131	0	4.01351491	101324.873	101324.876	101324.868	101324.883	0.00361952154	0.154108762	0	100	0	0	3
