Iteration	CPUTime	PhysTime	Travels	Value	AvValue	MinValue	MaxValue	Delta	Criteria	Progress	CriteriaType	CriteriaVarType	CriteriaPercentage
1	3	0	0.0158636953	101325	101325	101325	101325	0	0	0	0	0	0	3
2	4	0	0.0317273906	101325.005	101325.002	101325	101325.005	0.00234271477	0	0	0	0	0	3
3	4	0	0.0475910859	101325.001	101325.002	101325	101325.005	0.00234271477	0	0	0	0	0	3
4	5	0	0.0634547812	101325.001	101325.002	101325	101325.005	0.00234271477	0	0	0	0	0	3
5	5	0	0.0793184765	101325	101325.001	101325	101325.005	0.00234271477	0	0	0	0	0	3
6	6	0	0.0951821718	101325	101325.001	101325	101325.005	0.00234271477	0	0	0	0	0	3
7	6	0	0.111045867	101325	101325.001	101325	101325.005	0.00234271477	0	0	0	0	0	3
8	7	0	0.126909562	101325	101325.001	101325	101325.005	0.00234271477	0	0	0	0	0	3
9	7	0	0.142773258	101325	101325.001	101325	101325.005	0.00234271477	0	0	0	0	0	3
10	8	0	0.158636953	101325	101325.001	101325	101325.005	0.00234271477	0	0	0	0	0	3
11	8	0	0.174500648	101325	101325.001	101325	101325.005	0.00234271477	0	0	0	0	0	3
12	9	0	0.190364344	101325	101325.001	101325	101325.005	0.00234271477	0	0	0	0	0	3
13	9	0	0.206228039	101325	101325.001	101325	101325.005	0.00234271477	0	0	0	0	0	3
14	9	0	0.222091734	101325	101325	101325	101325.005	0.00234271477	0	0	0	0	0	3
15	10	0	0.23795543	101325	101325	101325	101325.005	0.00234271477	0	0	0	0	0	3
16	10	0	0.253819125	101325	101325	101325	101325.005	0.00234271477	0	0	0	0	0	3
17	11	0	0.26968282	101325	101325	101325	101325.005	0.00234271477	0	0	0	0	0	3
18	11	0	0.285546516	101325	101325	101325	101325.005	0.00234271477	0	0	0	0	0	3
19	12	0	0.301410211	101325	101325	101325	101325.005	0.00234271477	0	0	0	0	0	3
20	12	0	0.317273906	101325	101325	101325	101325.005	0.00234271477	0	0	0	0	0	3
21	12	0	0.333137601	101325	101325	101325	101325.005	0.00234271477	0	0	0	0	0	3
22	13	0	0.349001297	101325.001	101325	101325	101325.005	0.00234271477	0	0	0	0	0	3
23	13	0	0.364864992	101325.008	101325.001	101325	101325.008	0.00234271477	0	0	0	0	0	3
24	14	0	0.380728687	101325.027	101325.002	101325	101325.027	0.00234271477	0	0	0	0	0	3
25	14	0	0.396592383	101325.046	101325.004	101325	101325.046	0.00355372456	0	0	0	0	0	3
26	15	0	0.412456078	101325.09	101325.007	101325	101325.09	0.00687798037	0	0	0	0	0	3
27	15	0	0.428319773	101325.158	101325.012	101325	101325.158	0.0124575268	0	0	0	0	0	3
28	15	0	0.444183469	101325.236	101325.02	101325	101325.236	0.0204374667	0	0	0	0	0	3
29	16	0	0.460047164	101325.323	101325.031	101325	101325.323	0.0308764044	0	0	0	0	0	3
30	16	0	0.475910859	101325.499	101325.046	101325	101325.499	0.0464650754	0	0	0	0	0	3
31	17	0	0.491774554	101325.774	101325.07	101325	101325.774	0.0699281896	0	0	0	0	0	3
32	17	0	0.50763825	101326.073	101325.101	101325	101326.073	0.10126163	0	0	0	0	0	3
33	17	0	0.523501945	101326.537	101325.149	101325	101326.537	0.148968264	0	0	0	0	0	3
34	18	0	0.53936564	101327.17	101325.217	101325	101327.17	0.216632557	0	0	0	0	0	3
35	18	0	0.555229336	101328.016	101325.311	101325	101328.016	0.310839068	0	0	0	0	0	3
36	19	0	0.571093031	101329.274	101325.445	101325	101329.274	0.444378394	0	0	0	0	0	3
37	19	0	0.586956726	101331.58	101325.65	101325	101331.58	0.649984818	0	0	0	0	0	3
38	19	0	0.602820422	101334.432	101325.945	101325	101334.432	0.944721944	0	0	0	0	0	3
39	20	0	0.618684117	101338.773	101326.375	101325	101338.773	1.37512497	0	0	0	0	0	3
40	20	0	0.634547812	101342.922	101326.936	101325	101342.922	1.93520029	0	0	0	0	0	3
41	21	0	0.650411508	101352.23	101327.786	101325	101352.23	2.78613177	0	0	0	0	0	3
42	21	0	0.666275203	101361.347	101328.922	101325	101361.347	3.92197852	0	0	0	0	0	3
43	21	0	0.682138898	101372.692	101330.413	101325	101372.692	5.41234283	0	0	0	0	0	3
44	22	0	0.698002593	101384.248	101332.264	101325	101384.248	7.26383811	0	0	0	0	0	3
45	22	0	0.713866289	101398.607	101334.564	101325	101398.607	9.56404924	0	0	0	0	0	3
46	23	0	0.729729984	101413.375	101337.326	101325	101413.375	12.325763	0	0	0	0	0	3
47	23	0	0.745593679	101430.271	101340.616	101325	101430.271	15.6154741	0	0	0	0	0	3
48	23	0	0.761457375	101446.199	101344.403	101325	101446.199	19.4029335	0	0	0	0	0	3
49	24	0	0.77732107	101462.99	101348.715	101325	101462.99	23.7151171	0	0	0	0	0	3
50	24	0	0.793184765	101478.88	101353.524	101325	101478.88	28.5238538	0	0	0	0	0	3
51	24	0	0.809048461	101495.252	101358.845	101325	101495.252	33.8442427	0	0	0	0	0	3
52	25	0	0.824912156	101510.239	101364.633	101325	101510.239	39.6329614	0	0	0	0	0	3
53	25	0	0.840775851	101524.708	101370.874	101325.001	101524.708	45.8738175	0	0	0	0	0	3
54	26	0	0.856639547	101536.169	101377.473	101325.008	101536.169	52.472474	0	0	0	0	0	3
55	26	0	0.872503242	101543.574	101384.303	101325.027	101543.574	59.3015895	0	0	0	0	0	3
56	26	0	0.888366937	101550.941	101391.363	101325.046	101550.941	66.3596364	0	0	0	0	0	3
57	27	0	0.904230632	101551.774	101398.448	101325.09	101551.774	73.4415672	0	0	0	0	0	3
58	27	0	0.920094328	101546.238	101405.359	101325.158	101551.774	80.3468508	0	0	0	0	0	3
59	27	0	0.935958023	101541.829	101412.13	101325.236	101551.774	87.109846	0	0	0	0	0	3
60	28	0	0.951821718	101541.756	101418.897	101325.323	101551.774	93.8656604	0	0	0	0	0	3
61	28	0	0.967685414	101544.362	101425.742	101325.499	101551.774	100.695041	0	0	0	0	0	3
62	29	0	0.983549109	101562.224	101433.139	101325.774	101562.224	108.069248	0	0	0	0	0	3
63	29	0	0.999412804	101580.03	101441.085	101326.073	101580.03	115.983424	0	0	0	0	0	3
64	30	0	1.0152765	101611.255	101449.997	101326.537	101611.255	124.847348	8.58765311	0	6.8	0	0	3
65	30	0	1.03114019	101650.308	101460.114	101327.17	101650.308	134.897527	9.75923738	0	7.2	0	0	3
66	31	0	1.04700389	101687.176	101471.365	101328.016	101687.176	146.053504	10.3122561	0	7	0	0	3
67	31	0	1.06286759	101741.769	101484.294	101329.274	101741.769	158.84977	11.0425304	0	6.9	0	0	3
68	32	0	1.07873128	101780.981	101498.41	101331.58	101780.981	172.760005	11.7017554	0	6.7	0	0	3
69	32	0	1.09459498	101831.736	101514.04	101334.432	101831.736	188.095158	12.401821	0	6.5	0	0	3
70	33	0	1.11045867	101866.183	101530.657	101338.773	101866.183	204.281978	13.040765	0	6.3	0	0	3
71	33	0	1.12632237	101905.686	101548.373	101342.922	101905.686	221.437953	13.666455	0	6.1	0	0	3
72	34	0	1.14218606	101931.582	101566.769	101352.23	101931.582	238.982641	14.2328315	0	5.9	0	0	3
73	34	0	1.15804976	101957.41	101585.681	101361.347	101957.41	256.758665	14.759438	0	5.7	0	0	3
74	35	0	1.17391345	101970.582	101604.72	101372.692	101970.582	274.306902	15.2202413	0	5.5	0	0	3
75	36	0	1.18977715	101983.639	101623.812	101384.248	101983.639	291.547502	15.6328704	0	5.3	0	0	3
76	36	0	1.20564084	101984.951	101642.584	101398.607	101984.951	308.019259	15.9800083	0	5.1	0	0	3
77	37	0	1.22150454	101982.177	101660.82	101413.375	101984.951	323.494115	16.2737403	0	5	0	0	3
78	37	0	1.23736823	101974.55	101678.357	101430.271	101984.951	337.741128	16.5255107	0	4.8	0	0	3
79	38	0	1.25323193	101953.634	101694.712	101446.199	101984.951	350.308763	16.7437116	0	4.7	0	0	3
80	38	0	1.26909562	101935.574	101710.005	101462.99	101984.951	361.289557	16.9346375	0	4.6	0	0	3
81	39	0	1.28495932	101905.395	101723.83	101478.88	101984.951	370.305978	17.1031015	0	4.6	0	0	3
82	39	0	1.30082302	101882.984	101736.458	101495.252	101984.951	377.613866	17.2528472	0	4.5	0	0	3
83	40	0	1.31668671	101852.709	101747.629	101510.239	101984.951	382.995667	17.3868303	0	4.5	0	0	3
84	40	0	1.33255041	101844.717	101758.081	101524.708	101984.951	387.207224	17.507415	0	4.5	0	0	3
85	41	0	1.3484141	101827.549	101767.545	101536.169	101984.951	390.072015	17.616514	0	4.5	0	0	3
86	41	0	1.3642778	101818.494	101776.368	101541.756	101984.951	392.064474	17.7156854	0	4.5	0	0	3
87	42	0	1.38014149	101825.826	101785.188	101541.756	101984.951	393.824996	17.8062087	0	4.5	0	0	3
88	42	0	1.39600519	101821.738	101793.651	101541.756	101984.951	395.202132	17.8891641	0	4.5	0	0	3
89	43	0	1.41186888	101843	101802.751	101541.756	101984.951	397.392074	17.9654306	0	4.5	0	0	3
90	44	0	1.42773258	101856.735	101812.454	101541.756	101984.951	400.324137	18.0357524	0	4.5	0	0	3
91	44	0	1.44359627	101886.053	101823.211	101541.756	101984.951	404.314884	18.1007782	0	4.4	0	0	3
92	45	0	1.45945997	101906.177	101834.6	101544.362	101984.951	408.85807	18.1610658	0	4.4	0	0	3
93	45	0	1.47532366	101949.133	101847.249	101562.224	101984.951	414.109496	18.2170142	0	4.3	0	0	3
94	46	0	1.49118736	101973.433	101860.099	101580.03	101984.951	404.920713	18.2689574	0	4.5	0	0	3
95	46	0	1.50705105	102013.465	101873.644	101611.255	102013.465	402.210383	18.3448551	0	4.5	0	0	3
96	47	0	1.52291475	102035.97	101886.916	101650.308	102035.97	385.662167	18.4366719	0	4.7	0	0	3
97	47	0	1.53877844	102070.658	101900.052	101687.176	102070.658	383.482401	18.5538833	0	4.8	0	0	3
98	48	0	1.55464214	102088.365	101912.589	101741.769	102088.365	346.596005	18.6790778	0	5.3	0	0	3
99	48	0	1.57050584	102109.933	101924.094	101780.981	102109.933	328.951896	18.814526	0	5.7	0	0	3
100	49	0	1.58636953	102117.072	101934.597	101818.494	102117.072	298.578085	18.9464771	0	6.3	0	0	3
101	50	0	1.60223323	102120.64	101943.625	101818.494	102120.64	302.146528	19.0718767	0	6.3	0	0	3
102	50	0	1.61809692	102112.903	101951.335	101818.494	102120.64	302.146528	19.1872489	0	6.3	0	0	3
103	51	0	1.63396062	102103.569	101957.519	101818.494	102120.64	302.146528	19.2935128	0	6.3	0	0	3
104	51	0	1.64982431	102086.663	101962.366	101818.494	102120.64	302.146528	19.3874829	0	6.4	0	0	3
105	52	0	1.66568801	102071.679	101965.936	101818.494	102120.64	302.146528	19.4701979	0	6.4	0	0	3
106	52	0	1.6815517	102051.995	101968.481	101818.494	102120.64	302.146528	19.5408708	0	6.4	0	0	3
107	53	0	1.6974154	102037.291	101970.157	101818.494	102120.64	302.146528	19.6001941	0	6.4	0	0	3
108	53	0	1.71327909	102020.842	101971.279	101818.494	102120.64	302.146528	19.6470308	0	6.5	0	0	3
109	53	0	1.72914279	102021.198	101972.498	101818.494	102120.64	294.141341	19.6819405	0	6.6	0	0	3
110	54	0	1.74500648	102017.971	101973.855	101818.494	102120.64	279.143151	19.7043132	0	7	0	0	3
111	54	0	1.76087018	102023.53	101976.039	101818.494	102120.64	266.034443	19.7155672	0	7.4	0	0	3
112	55	0	1.77673387	102027.16	101978.902	101818.494	102120.64	255.071356	19.7158578	0	7.7	0	0	3
113	55	0	1.79259757	102053.31	101983.524	101818.494	102120.64	247.065426	19.7064081	0	7.9	0	0	3
114	56	0	1.80846126	102072.708	101989.453	101818.494	102120.64	241.823756	19.6875127	0	8.1	0	0	3
115	56	0	1.82432496	102094.9	101997.021	101818.494	102120.64	238.939771	19.6605426	0	8.2	0	0	3
116	57	0	1.84018866	102126.984	102005.842	101818.494	102126.984	238.296836	19.6299221	0	8.2	0	0	3
117	57	0	1.85605235	102150.437	102015.932	101818.494	102150.437	239.564425	19.6072455	0	8.1	0	0	3
118	58	0	1.87191605	102180.345	102027.24	101821.738	102180.345	242.051921	19.5989199	0	8	0	0	3
119	58	0	1.88777974	102201.066	102038.966	101821.738	102201.066	245.315784	19.6021994	0	7.9	0	0	3
120	59	0	1.90364344	102225.945	102051.598	101843	102225.945	248.84647	19.6186902	0	7.8	0	0	3
121	59	0	1.91950713	102242.092	102064.069	101856.735	102242.092	251.615052	19.6431006	0	7.8	0	0	3
122	60	0	1.93537083	102257.226	102076.585	101886.053	102257.226	253.373402	19.6744971	0	7.7	0	0	3
123	60	0	1.95123452	102266.925	102088.487	101906.177	102266.925	253.887501	19.709761	0	7.7	0	0	3
124	61	0	1.96709822	102274.191	102099.988	101949.133	102274.191	252.73883	19.7461792	0	7.8	0	0	3
125	61	0	1.98296191	102275.62	102110.19	101973.433	102275.62	250.091281	19.773322	0	7.9	0	0	3
126	62	0	1.99882561	102273.335	102119.562	102013.465	102275.62	245.918383	19.7909733	0	8	0	0	3
127	62	0	2.0146893	102266.775	102127.478	102017.971	102275.62	240.56195	19.7931952	0	8.2	0	0	3
128	63	0	2.030553	102258.556	102134.434	102017.971	102275.62	234.381826	19.7770418	0	8.4	0	0	3
129	63	0	2.04641669	102248.285	102139.985	102017.971	102275.62	227.395493	19.7443693	0	8.6	0	0	3
130	64	0	2.06228039	102238.281	102144.67	102017.971	102275.62	220.575255	19.6878718	0	8.9	0	0	3
131	64	0	2.07814409	102227.111	102148.331	102017.971	102275.62	213.734237	19.6155032	0	9.1	0	0	3
132	65	0	2.09400778	102218.619	102151.505	102017.971	102275.62	207.87933	19.5287134	0	9.3	0	0	3
133	65	0	2.10987148	102211.219	102154.335	102017.971	102275.62	202.999906	19.4444392	0	9.5	0	0	3
134	66	0	2.12573517	102210.513	102157.386	102017.971	102275.62	199.866411	19.3625728	0	9.6	0	0	3
135	66	0	2.14159887	102206.265	102160.595	102017.971	102275.62	198.229412	19.2830126	0	9.7	0	0	3
136	67	0	2.15746256	102213.798	102164.568	102017.971	102275.62	198.63147	19.2056623	0	9.6	0	0	3
137	67	0	2.17332626	102214.511	102169.031	102017.971	102275.62	200.550835	19.1304312	0	9.5	0	0	3
138	68	0	2.18918995	102228.888	102174.559	102017.971	102275.62	204.4021	19.0572334	0	9.3	0	0	3
139	69	0	2.20505365	102235.478	102180.753	102017.971	102275.62	209.473843	18.9859876	0	9	0	0	3
140	69	0	2.22091734	102252.874	102188.004	102017.971	102275.62	215.505424	18.9166166	0	8.7	0	0	3
141	70	0	2.23678104	102263.453	102195.574	102017.971	102275.62	221.718982	18.8490475	0	8.5	0	0	3
142	70	0	2.25264473	102283.709	102203.878	102023.53	102283.709	227.839035	18.7863221	0	8.2	0	0	3
143	71	0	2.26850843	102297.748	102212.448	102027.16	102297.748	233.546265	18.7305158	0	8	0	0	3
144	71	0	2.28437212	102318.511	102221.552	102053.31	102318.511	238.02863	18.6838908	0	7.8	0	0	3
145	72	0	2.30023582	102333.671	102230.314	102072.708	102333.671	240.861056	18.6440318	0	7.7	0	0	3
146	72	0	2.31609951	102352.831	102239.068	102094.9	102352.831	242.046441	18.6121546	0	7.6	0	0	3
147	73	0	2.33196321	102366.377	102247.551	102126.984	102366.377	239.392907	18.585942	0	7.7	0	0	3
148	73	0	2.34782691	102380.293	102255.467	102150.437	102380.293	229.855912	18.5653234	0	8	0	0	3
149	74	0	2.3636906	102389.959	102262.952	102180.345	102389.959	209.613876	18.5486013	0	8.8	0	0	3
150	74	0	2.3795543	102398.713	102269.776	102201.066	102398.713	197.646762	18.5341902	0	9.3	0	0	3
151	75	0	2.39541799	102403.262	102276.095	102206.265	102403.262	196.997087	18.5216792	0	9.4	0	0	3
152	75	0	2.41128169	102405.533	102281.707	102206.265	102405.533	199.267509	18.502978	0	9.2	0	0	3
153	76	0	2.42714538	102404.366	102286.778	102206.265	102405.533	199.267509	18.4800674	0	9.2	0	0	3
154	77	0	2.44300908	102400.777	102291.264	102206.265	102405.533	199.267509	18.4478933	0	9.2	0	0	3
155	77	0	2.45887277	102395.171	102295.272	102206.265	102405.533	195.284185	18.4097919	0	9.4	0	0	3
156	78	0	2.47473647	102388.866	102298.855	102206.265	102405.533	188.665079	18.3585113	0	9.7	0	0	3
157	78	0	2.49060016	102381.323	102302.159	102206.265	102405.533	182.596339	18.3004951	0	10	0	0	3
158	79	0	2.50646386	102374.175	102305.31	102206.265	102405.533	177.831672	18.2309368	0	10.2	0	0	3
159	79	0	2.52232755	102366.857	102308.437	102206.265	102405.533	174.003414	18.16142	0	10.4	0	0	3
160	80	0	2.53819125	102361.35	102311.65	102206.265	102405.533	171.664867	18.0933516	0	10.5	0	0	3
161	81	0	2.55405494	102356.422	102315.029	102206.265	102405.533	170.359262	18.0266866	0	10.5	0	0	3
162	81	0	2.56991864	102355.69	102318.698	102206.265	102405.533	170.366472	17.9613821	0	10.5	0	0	3
163	82	0	2.58578233	102353.765	102322.656	102206.265	102405.533	171.151059	17.897397	0	10.4	0	0	3
164	82	0	2.60164603	102355.39	102326.93	102206.265	102405.533	172.594572	17.8346915	0	10.3	0	0	3
165	83	0	2.61750973	102358.091	102331.52	102206.265	102405.533	174.133992	17.7732277	0	10.2	0	0	3
166	83	0	2.63337342	102364.02	102336.317	102206.265	102405.533	175.721802	17.7129691	0	10	0	0	3
167	84	0	2.64923712	102370.313	102341.443	102213.798	102405.533	176.875326	17.6538805	0	9.9	0	0	3
168	85	0	2.66510081	102379.179	102346.611	102214.511	102405.533	177.579984	17.5959283	0	9.9	0	0	3
169	85	0	2.68096451	102389.433	102352.078	102228.888	102405.533	176.644289	17.5390799	0	9.9	0	0	3
170	86	0	2.6968282	102401.489	102357.471	102235.478	102405.533	170.054732	17.4833041	0	10.2	0	0	3
171	86	0	2.7126919	102413.984	102363.05	102252.874	102413.984	161.110055	17.4309404	0	10.8	0	0	3
172	87	0	2.72855559	102426.545	102368.477	102263.453	102426.545	163.092142	17.3830356	0	10.6	0	0	3
173	87	0	2.74441929	102438.724	102373.954	102283.709	102438.724	155.015184	17.339362	0	11.1	0	0	3
174	88	0	2.76028298	102450.545	102379.168	102297.748	102450.545	152.796831	17.2981899	0	11.3	0	0	3
175	88	0	2.77614668	102461.281	102384.278	102318.511	102461.281	142.769941	17.2596803	0	12	0	0	3
176	89	0	2.79201037	102469.42	102388.994	102333.671	102469.42	135.749024	17.217034	0	12.6	0	0	3
177	90	0	2.80787407	102476.8	102393.467	102352.831	102476.8	123.96908	17.1719519	0	13.8	0	0	3
178	90	0	2.82373776	102480.417	102397.454	102353.765	102480.417	126.651672	17.1227726	0	13.5	0	0	3
179	91	0	2.83960146	102482.625	102401.087	102353.765	102482.625	128.860062	17.0666549	0	13.2	0	0	3
180	91	0	2.85546516	102481.734	102404.257	102353.765	102482.625	128.860062	17.0054392	0	13.1	0	0	3
181	92	0	2.87132885	102479.376	102407.051	102353.765	102482.625	128.860062	16.9376013	0	13.1	0	0	3
182	92	0	2.88719255	102474.874	102409.431	102353.765	102482.625	128.860062	16.8656453	0	13	0	0	3
183	93	0	2.90305624	102467.523	102411.439	102353.765	102482.625	128.860062	16.7935878	0	13	0	0	3
184	93	0	2.91891994	102460.292	102413.151	102353.765	102482.625	126.3725	16.7227313	0	13.2	0	0	3
185	94	0	2.93478363	102453.215	102414.677	102353.765	102482.625	123.413056	16.653046	0	13.4	0	0	3
186	94	0	2.95064733	102445.593	102416.078	102353.765	102482.625	120.805863	16.584503	0	13.7	0	0	3
187	95	0	2.96651102	102439.283	102417.456	102353.765	102482.625	118.600734	16.5170746	0	13.9	0	0	3
188	95	0	2.98237472	102432.808	102418.829	102353.765	102482.625	116.670703	16.4507337	0	14.1	0	0	3
189	96	0	2.99823841	102428.773	102420.312	102353.765	102482.625	115.002259	16.3854543	0	14.2	0	0	3
190	96	0	3.01410211	102424.446	102421.883	102353.765	102482.625	113.445646	16.321211	0	14.3	0	0	3
191	97	0	3.0299658	102422.297	102423.615	102353.765	102482.625	111.965876	16.2579795	0	14.5	0	0	3
192	98	0	3.0458295	102422.198	102425.517	102353.765	102482.625	110.488105	16.195736	0	14.6	0	0	3
193	98	0	3.06169319	102424.544	102427.646	102353.765	102482.625	108.947907	16.1344574	0	14.8	0	0	3
194	99	0	3.07755689	102428.013	102429.906	102353.765	102482.625	107.250066	16.0741216	0	14.9	0	0	3
195	99	0	3.09342058	102433.794	102432.407	102355.39	102482.625	105.476858	16.014707	0	15.1	0	0	3
196	100	0	3.10928428	102441.08	102435.085	102358.091	102482.625	103.564934	15.9561926	0	15.4	0	0	3
197	100	0	3.12514798	102450.158	102437.962	102364.02	102482.625	101.644952	15.8985581	0	15.6	0	0	3
198	101	0	3.14101167	102459.15	102440.935	102370.313	102482.625	99.4912887	15.8417839	0	15.9	0	0	3
199	101	0	3.15687537	102469.145	102444.023	102379.179	102482.625	97.4116114	15.7841768	0	16.2	0	0	3
200	102	0	3.17273906	102479.142	102447.147	102389.433	102482.625	93.1926334	15.7272594	0	16.8	0	0	3
201	103	0	3.18860276	102489.139	102450.263	102401.489	102489.139	87.6504015	15.6694511	0	17.8	0	0	3
202	103	0	3.20446645	102498.446	102453.293	102413.984	102498.446	84.4625389	15.6130714	0	18.4	0	0	3
203	104	0	3.22033015	102506.061	102456.17	102422.198	102506.061	83.8636388	15.555392	0	18.5	0	0	3
204	104	0	3.23619384	102512.921	102458.869	102422.198	102512.921	84.9150315	15.4977395	0	18.2	0	0	3
205	105	0	3.25205754	102517.839	102461.342	102422.198	102517.839	82.1737611	15.4376413	0	18.7	0	0	3
206	106	0	3.26792123	102520.634	102463.532	102422.198	102520.634	79.2536564	15.3760142	0	19.4	0	0	3
207	106	0	3.28378493	102520.923	102465.396	102422.198	102520.923	76.4015779	15.3109538	0	20	0	0	3
208	107	0	3.29964862	102519.116	102466.949	102422.198	102520.923	73.4818102	15.2436386	0	20.7	0	0	3
209	107	0	3.31551232	102515.318	102468.152	102422.198	102520.923	70.6984291	15.1732879	0	21.4	0	0	3
210	108	0	3.33137601	102510.48	102469.092	102422.198	102520.923	68.0051544	15.1037088	0	22.2	0	0	3
211	108	0	3.34723971	102504.978	102469.79	102422.198	102520.923	65.5336771	15.0350764	0	22.9	0	0	3
212	109	0	3.3631034	102499.889	102470.358	102422.198	102520.923	63.3067343	14.9673714	0	23.6	0	0	3
213	110	0	3.3789671	102494.578	102470.833	102422.198	102520.923	61.4017438	14.9005752	0	24.2	0	0	3
214	110	0	3.3948308	102491.451	102471.351	102422.198	102520.923	59.9116195	14.8346697	0	24.7	0	0	3
215	111	0	3.41069449	102486.658	102471.949	102422.198	102520.923	58.7983528	14.769637	0	25.1	0	0	3
216	111	0	3.42655819	102485.517	102472.737	102422.198	102520.923	58.06011	14.7054601	0	25.3	0	0	3
217	112	0	3.44242188	102483.212	102473.675	102422.198	102520.923	57.5970226	14.6421221	0	25.4	0	0	3
218	112	0	3.45828558	102484.343	102474.886	102422.198	102520.923	57.4294761	14.5796066	0	25.3	0	0	3
219	113	0	3.47414927	102486.412	102476.358	102422.198	102520.923	57.5290827	14.5178978	0	25.2	0	0	3
220	114	0	3.49001297	102490.954	102478.175	102422.198	102520.923	57.8633318	14.4569802	0	24.9	0	0	3
221	114	0	3.50587666	102495.764	102480.269	102422.198	102520.923	58.3858588	14.3968385	0	24.6	0	0	3
222	115	0	3.52174036	102503.38	102482.736	102422.198	102520.923	59.1200426	14.3374582	0	24.2	0	0	3
223	115	0	3.53760405	102511.53	102485.524	102422.198	102520.923	60.0070672	14.2788247	0	23.7	0	0	3
224	116	0	3.55346775	102519.775	102488.573	102424.544	102520.923	60.9275298	14.2209242	0	23.3	0	0	3
225	116	0	3.56933144	102528.218	102491.813	102428.013	102528.218	61.9072269	14.1651022	0	22.8	0	0	3
226	117	0	3.58519514	102536.284	102495.197	102433.794	102536.284	62.7897821	14.111463	0	22.4	0	0	3
227	117	0	3.60105883	102543.939	102498.639	102441.08	102543.939	63.554023	14.0595919	0	22.1	0	0	3
228	118	0	3.61692253	102549.508	102502.027	102450.158	102549.508	64.0652828	14.008878	0	21.8	0	0	3
229	118	0	3.63278622	102554.292	102505.281	102459.15	102554.292	64.3466599	13.9585707	0	21.6	0	0	3
230	119	0	3.64864992	102556.911	102508.336	102469.145	102556.911	64.3131804	13.9082055	0	21.6	0	0	3
231	120	0	3.66451362	102557.959	102511.112	102479.142	102557.959	63.9648113	13.8570389	0	21.6	0	0	3
232	120	0	3.68037731	102556.402	102513.526	102483.212	102557.959	63.2633773	13.8046506	0	21.8	0	0	3
233	121	0	3.69624101	102553.164	102515.527	102483.212	102557.959	62.23423	13.7507422	0	22	0	0	3
234	121	0	3.7121047	102547.826	102517.07	102483.212	102557.959	60.8999227	13.6952629	0	22.4	0	0	3
235	122	0	3.7279684	102541.511	102518.178	102483.212	102557.959	59.3084698	13.6389915	0	22.9	0	0	3
236	122	0	3.74383209	102533.647	102518.825	102483.212	102557.959	57.4838281	13.5833744	0	23.6	0	0	3
237	123	0	3.75969579	102525.825	102519.075	102483.212	102557.959	55.5430833	13.5284002	0	24.3	0	0	3
238	123	0	3.77555948	102517.172	102518.967	102483.212	102557.959	53.6792609	13.4740579	0	25.1	0	0	3
239	124	0	3.79142318	102509.252	102518.602	102483.212	102557.959	52.1262505	13.4203367	0	25.7	0	0	3
240	124	0	3.80728687	102501.72	102518.058	102483.212	102557.959	50.9225619	13.367226	0	26.2	0	0	3
241	125	0	3.82315057	102495.551	102517.441	102483.212	102557.959	49.9830858	13.3147154	0	26.6	0	0	3
242	125	0	3.83901426	102491.282	102516.841	102483.212	102557.959	49.2845489	13.2627948	0	26.9	0	0	3
243	126	0	3.85487796	102487.683	102516.3	102483.212	102557.959	48.7172053	13.2114543	0	27.1	0	0	3
244	126	0	3.87074165	102486.299	102515.876	102483.212	102557.959	48.2421354	13.1606842	0	27.2	0	0	3
245	127	0	3.88660535	102487.226	102515.646	102483.212	102557.959	47.7241125	13.1104752	0	27.4	0	0	3
246	128	0	3.90246905	102489.383	102515.581	102483.212	102557.959	47.1261445	13.0608179	0	27.7	0	0	3
247	128	0	3.91833274	102493.338	102515.79	102483.212	102557.959	46.337862	13.0117033	0	28	0	0	3
248	129	0	3.93419644	102499.312	102516.221	102483.212	102557.959	45.4004441	12.9631226	0	28.5	0	0	3
249	129	0	3.95006013	102506.883	102516.961	102484.343	102557.959	44.1895062	12.915067	0	29.2	0	0	3
250	130	0	3.96592383	102515.04	102517.92	102486.299	102557.959	42.7167142	12.8675282	0	30.1	0	0	3
251	130	0	3.98178752	102524.666	102519.116	102486.299	102557.959	40.9402032	12.8204978	0	31.3	0	0	3
252	131	0	3.99765122	102533.299	102520.439	102486.299	102557.959	40.1700095	12.7739678	0	31.7	0	0	3
253	131	0	4.01351491	102543.165	102521.92	102486.299	102557.959	39.1845684	12.7279301	0	32.4	0	0	3
