Iteration	CPUTime	PhysTime	Travels	Value	AvValue	MinValue	MaxValue	Delta	Criteria	Progress	CriteriaType	CriteriaVarType	CriteriaPercentage
1	3	0	0.0158636953	-5.82076609e-11	-5.82076609e-11	-5.82076609e-11	-5.82076609e-11	0	0	0	0	0	0	3
2	4	0	0.0317273906	8.75789978	4.37894989	-5.82076609e-11	8.75789978	4.37894989	0	0	0	0	0	3
3	4	0	0.0475910859	2.50779567	3.75523182	-5.82076609e-11	8.75789978	4.37894989	0	0	0	0	0	3
4	5	0	0.0634547812	5.1120588	4.09443856	-5.82076609e-11	8.75789978	4.37894989	0	0	0	0	0	3
5	5	0	0.0793184765	2.96429263	3.86840938	-5.82076609e-11	8.75789978	4.37894989	0	0	0	0	0	3
6	6	0	0.0951821718	3.20024093	3.75704797	-5.82076609e-11	8.75789978	4.37894989	0	0	0	0	0	3
7	6	0	0.111045867	1.97005276	3.50176294	-5.82076609e-11	8.75789978	4.37894989	0	0	0	0	0	3
8	7	0	0.126909562	1.46560982	3.2472438	-5.82076609e-11	8.75789978	4.37894989	0	0	0	0	0	3
9	7	0	0.142773258	1.1852898	3.0181378	-5.82076609e-11	8.75789978	4.37894989	0	0	0	0	0	3
10	8	0	0.158636953	0.589827145	2.77530673	-5.82076609e-11	8.75789978	4.37894989	0	0	0	0	0	3
11	8	0	0.174500648	0.640827443	2.58126316	-5.82076609e-11	8.75789978	4.37894989	0	0	0	0	0	3
12	9	0	0.190364344	0.329103445	2.39358319	-5.82076609e-11	8.75789978	4.37894989	0	0	0	0	0	3
13	9	0	0.206228039	0.360607575	2.23720045	-5.82076609e-11	8.75789978	4.37894989	0	0	0	0	0	3
14	9	0	0.222091734	0.276707359	2.09716523	-5.82076609e-11	8.75789978	4.37894989	0	0	0	0	0	3
15	10	0	0.23795543	0.239979086	1.97335282	-5.82076609e-11	8.75789978	4.37894989	0	0	0	0	0	3
16	10	0	0.253819125	0.187561049	1.86174083	-5.82076609e-11	8.75789978	4.37894989	0	0	0	0	0	3
17	11	0	0.26968282	0.172836802	1.76239353	-5.82076609e-11	8.75789978	4.37894989	0	0	0	0	0	3
18	11	0	0.285546516	0.121518647	1.67123382	-5.82076609e-11	8.75789978	4.37894989	0	0	0	0	0	3
19	12	0	0.301410211	0.106779655	1.58889413	-5.82076609e-11	8.75789978	4.37894989	0	0	0	0	0	3
20	12	0	0.317273906	0.0686661167	1.51288273	-5.82076609e-11	8.75789978	4.37894989	0	0	0	0	0	3
21	12	0	0.333137601	0.0611020405	1.44375031	-5.82076609e-11	8.75789978	4.37894989	0	0	0	0	0	3
22	13	0	0.349001297	0.0326986754	1.3796116	-5.82076609e-11	8.75789978	4.37894989	0	0	0	0	0	3
23	13	0	0.364864992	0.0204284853	1.32051668	-5.82076609e-11	8.75789978	4.37894989	0	0	0	0	0	3
24	14	0	0.380728687	-0.0169475651	1.26478901	-0.0169475651	8.75789978	4.37894989	0	0	0	0	0	3
25	14	0	0.396592383	-0.0371863927	1.21270999	-0.0371863927	8.75789978	4.37894989	0	0	0	0	0	3
26	15	0	0.412456078	-0.08861713	1.16265895	-0.08861713	8.75789978	4.37894989	0	0	0	0	0	3
27	15	0	0.428319773	-0.157205145	1.11377509	-0.157205145	8.75789978	4.37894989	0	0	0	0	0	3
28	15	0	0.444183469	-0.235713283	1.06557908	-0.235713283	8.75789978	4.37894989	0	0	0	0	0	3
29	16	0	0.460047164	-0.323040013	1.01769566	-0.323040013	8.75789978	4.37894989	0	0	0	0	0	3
30	16	0	0.475910859	-0.498447237	0.967157565	-0.498447237	8.75789978	4.37894989	0	0	0	0	0	3
31	17	0	0.491774554	-0.773740114	0.910999575	-0.773740114	8.75789978	4.37894989	0	0	0	0	0	3
32	17	0	0.50763825	-1.07256312	0.849013241	-1.07256312	8.75789978	4.37894989	0	0	0	0	0	3
33	17	0	0.523501945	-1.53693085	0.800984152	-1.53693085	8.75789978	3.57796574	0	0	0	0	0	3
34	18	0	0.53936564	-2.16997041	0.459488208	-2.16997041	5.1120588	3.63495035	0	0	0	0	0	3
35	18	0	0.555229336	-3.01560462	0.28688195	-3.01560462	5.1120588	3.80755661	0	0	0	0	0	3
36	19	0	0.571093031	-4.27425739	-0.00644043131	-4.27425739	3.20024093	3.87484981	0	0	0	0	0	3
37	19	0	0.586956726	-6.57991819	-0.304697019	-6.57991819	3.20024093	4.06174499	0	0	0	0	0	3
38	19	0	0.602820422	-9.43210724	-0.6994579	-9.43210724	1.97005276	4.20122084	0	0	0	0	0	3
39	20	0	0.618684117	-13.7733785	-1.19144013	-13.7733785	1.46560982	4.43868392	0	0	0	0	0	3
40	20	0	0.634547812	-17.9229565	-1.79733282	-17.9229565	1.1852898	4.81547062	0	0	0	0	0	3
41	21	0	0.650411508	-27.230412	-2.6853235	-27.230412	0.640827443	5.46063024	0	0	0	0	0	3
42	21	0	0.666275203	-36.3476911	-3.83962095	-36.3476911	0.640827443	6.42088411	0	0	0	0	0	3
43	21	0	0.682138898	-47.692166	-5.35002699	-47.692166	0.360607575	7.74361018	0	0	0	0	0	3
44	22	0	0.698002593	-59.2482741	-7.21182004	-59.2482741	0.360607575	9.44902049	0	0	0	0	0	3
45	22	0	0.713866289	-73.6070613	-9.52330969	-73.6070613	0.276707359	11.6204749	0	0	0	0	0	3
46	23	0	0.729729984	-88.3750322	-12.2936766	-88.3750322	0.239979086	14.2670294	0	0	0	0	0	3
47	23	0	0.745593679	-105.270873	-15.5908907	-105.270873	0.187561049	17.4526315	0	0	0	0	0	3
48	23	0	0.761457375	-121.198763	-19.3842133	-121.198763	0.172836802	21.1466069	0	0	0	0	0	3
49	24	0	0.77732107	-137.98991	-23.7017992	-137.98991	0.121518647	25.373033	0	0	0	0	0	3
50	24	0	0.793184765	-153.879604	-28.5143342	-153.879604	0.106779655	30.1032283	0	0	0	0	0	3
51	24	0	0.809048461	-170.252498	-33.8380617	-170.252498	0.0686661167	35.3509444	0	0	0	0	0	3
52	25	0	0.824912156	-185.239112	-39.6289297	-185.239112	0.0611020405	41.07268	0	0	0	0	0	3
53	25	0	0.840775851	-199.708637	-45.8717341	-199.708637	0.0326986754	47.2513457	0	0	0	0	0	3
54	26	0	0.856639547	-211.169172	-52.4717925	-211.169172	0.0204284853	53.7923092	0	0	0	0	0	3
55	26	0	0.872503242	-218.575228	-59.3029068	-218.575228	-0.0169475651	60.5676958	0	0	0	0	0	3
56	26	0	0.888366937	-225.942478	-66.3630796	-225.942478	-0.0371863927	67.5757896	0	0	0	0	0	3
57	27	0	0.904230632	-226.776647	-73.4486877	-226.776647	-0.08861713	74.6113467	0	0	0	0	0	3
58	27	0	0.920094328	-221.241194	-80.3597058	-226.776647	-0.157205145	81.4734809	0	0	0	0	0	3
59	27	0	0.935958023	-216.834303	-87.1308651	-226.776647	-0.235713283	88.1964442	0	0	0	0	0	3
60	28	0	0.951821718	-216.764348	-93.8973849	-226.776647	-0.323040013	94.9150806	0	0	0	0	0	3
61	28	0	0.967685414	-219.373889	-100.742724	-226.776647	-0.498447237	101.709881	0	0	0	0	0	3
62	29	0	0.983549109	-237.239616	-108.140885	-237.239616	-0.773740114	109.051885	0	0	0	0	0	3
63	29	0	0.999412804	-255.050088	-116.087021	-255.050088	-1.07256312	116.936035	0	0	0	0	0	3
64	30	0	1.0152765	-286.279186	-124.999728	-286.279186	-1.53693085	125.800712	8.74173735	0	6.9	0	0	3
65	30	0	1.03114019	-325.334386	-135.118399	-325.334386	-2.16997041	135.577887	9.91339333	0	7.3	0	0	3
66	31	0	1.04700389	-362.203514	-146.369447	-362.203514	-3.01560462	146.656329	10.4664303	0	7.1	0	0	3
67	31	0	1.06286759	-416.795324	-159.300063	-416.795324	-4.27425739	159.293623	11.196694	0	7	0	0	3
68	32	0	1.07873128	-456.005516	-173.416665	-456.005516	-6.57991819	173.111968	11.8415637	0	6.8	0	0	3
69	32	0	1.09459498	-506.757816	-189.047224	-506.757816	-9.43210724	188.347766	12.5329993	0	6.6	0	0	3
70	33	0	1.11045867	-541.202627	-205.665053	-541.202627	-13.7733785	204.473613	13.1600295	0	6.4	0	0	3
71	33	0	1.12632237	-580.703843	-223.38163	-580.703843	-17.9229565	221.584297	13.7750372	0	6.2	0	0	3
72	34	0	1.14218606	-606.597918	-241.777723	-606.597918	-27.230412	239.092399	14.3323446	0	5.9	0	0	3
73	34	0	1.15804976	-632.423826	-260.690017	-632.423826	-36.3476911	256.850396	14.8500774	0	5.7	0	0	3
74	35	0	1.17391345	-645.595517	-279.729011	-645.595517	-47.692166	274.378984	15.3037787	0	5.5	0	0	3
75	36	0	1.18977715	-658.651163	-298.82148	-658.651163	-59.2482741	291.60966	15.7098309	0	5.3	0	0	3
76	36	0	1.20564084	-659.963335	-317.593826	-659.963335	-73.6070613	308.070516	16.0514882	0	5.2	0	0	3
77	37	0	1.22150454	-657.189856	-335.830788	-659.963335	-88.3750322	323.537111	16.3403892	0	5	0	0	3
78	37	0	1.23736823	-649.563516	-353.367928	-659.963335	-105.270873	337.777037	16.5879399	0	4.9	0	0	3
79	38	0	1.25323193	-628.64878	-369.723488	-659.963335	-121.198763	350.339274	16.802379	0	4.7	0	0	3
80	38	0	1.26909562	-610.590632	-385.016984	-659.963335	-137.98991	361.315184	16.9899857	0	4.7	0	0	3
81	39	0	1.28495932	-580.414023	-398.842737	-659.963335	-153.879604	370.328403	17.1554304	0	4.6	0	0	3
82	39	0	1.30082302	-558.006115	-411.471691	-659.963335	-170.252498	377.633629	17.3024678	0	4.5	0	0	3
83	40	0	1.31668671	-527.734609	-422.643007	-659.963335	-185.239112	383.014077	17.4339674	0	4.5	0	0	3
84	40	0	1.33255041	-519.745659	-433.096336	-659.963335	-199.708637	387.224602	17.5523056	0	4.5	0	0	3
85	41	0	1.3484141	-502.582287	-442.561138	-659.963335	-211.169172	390.089345	17.659333	0	4.5	0	0	3
86	41	0	1.3642778	-493.531375	-451.384957	-659.963335	-216.764348	392.08205	17.7566139	0	4.5	0	0	3
87	42	0	1.38014149	-500.866085	-460.206546	-659.963335	-216.764348	393.843466	17.8453869	0	4.5	0	0	3
88	42	0	1.39600519	-496.783752	-468.670336	-659.963335	-216.764348	395.221648	17.9267368	0	4.5	0	0	3
89	43	0	1.41186888	-518.048342	-477.772576	-659.963335	-216.764348	397.41287	18.001517	0	4.5	0	0	3
90	44	0	1.42773258	-531.786056	-487.477103	-659.963335	-216.764348	400.346238	18.0704657	0	4.5	0	0	3
91	44	0	1.44359627	-561.103593	-498.235518	-659.963335	-216.764348	404.338134	18.1342199	0	4.4	0	0	3
92	45	0	1.45945997	-581.228187	-509.625013	-659.963335	-219.373889	408.88229	18.1933266	0	4.4	0	0	3
93	45	0	1.47532366	-624.183044	-522.2753	-659.963335	-237.239616	414.134414	18.2481756	0	4.4	0	0	3
94	46	0	1.49118736	-648.480727	-535.126584	-659.963335	-255.050088	404.913247	18.2990927	0	4.5	0	0	3
95	46	0	1.50705105	-688.511053	-548.672239	-688.511053	-286.279186	402.231867	18.3740624	0	4.5	0	0	3
96	47	0	1.52291475	-711.015152	-561.945238	-711.015152	-325.334386	385.680766	18.4650088	0	4.7	0	0	3
97	47	0	1.53877844	-745.701158	-575.0817	-745.701158	-362.203514	383.497644	18.5814005	0	4.8	0	0	3
98	48	0	1.55464214	-763.407933	-587.619338	-763.407933	-416.795324	346.612609	18.7058231	0	5.3	0	0	3
99	48	0	1.57050584	-784.974559	-599.124939	-784.974559	-456.005516	328.969044	18.8405427	0	5.7	0	0	3
100	49	0	1.58636953	-792.113824	-609.628324	-792.113824	-493.531375	298.582448	18.9718059	0	6.3	0	0	3
101	50	0	1.60223323	-795.68222	-618.657211	-795.68222	-493.531375	302.150844	19.0965545	0	6.3	0	0	3
102	50	0	1.61809692	-787.946378	-626.367954	-795.68222	-493.531375	302.150844	19.21131	0	6.3	0	0	3
103	51	0	1.63396062	-778.613944	-632.552644	-795.68222	-493.531375	302.150844	19.3169887	0	6.3	0	0	3
104	51	0	1.64982431	-761.710672	-637.399918	-795.68222	-493.531375	302.150844	19.4104028	0	6.4	0	0	3
105	52	0	1.66568801	-746.729438	-640.971968	-795.68222	-493.531375	302.150844	19.492589	0	6.4	0	0	3
106	52	0	1.6815517	-727.049872	-643.517417	-795.68222	-493.531375	302.150844	19.5627584	0	6.4	0	0	3
107	53	0	1.6974154	-712.350199	-645.195512	-795.68222	-493.531375	302.150844	19.6216016	0	6.4	0	0	3
108	53	0	1.71327909	-695.905564	-646.318706	-795.68222	-493.531375	302.150844	19.6679801	0	6.5	0	0	3
109	53	0	1.72914279	-696.266156	-647.539841	-795.68222	-493.531375	294.171913	19.702452	0	6.6	0	0	3
110	54	0	1.74500648	-693.043774	-648.898599	-795.68222	-493.531375	279.175111	19.7244061	0	7	0	0	3
111	54	0	1.76087018	-698.608273	-651.084833	-795.68222	-493.531375	266.067849	19.7352592	0	7.4	0	0	3
112	55	0	1.77673387	-702.241396	-653.948919	-795.68222	-493.531375	255.106182	19.7351657	0	7.7	0	0	3
113	55	0	1.79259757	-728.393556	-658.57328	-795.68222	-493.531375	247.101589	19.7253476	0	7.9	0	0	3
114	56	0	1.80846126	-747.793017	-664.50412	-795.68222	-493.531375	241.861114	19.7060985	0	8.1	0	0	3
115	56	0	1.82432496	-769.986934	-672.074506	-795.68222	-493.531375	238.978169	19.6787886	0	8.2	0	0	3
116	57	0	1.84018866	-802.071195	-680.897179	-802.071195	-493.531375	238.336041	19.6478672	0	8.2	0	0	3
117	57	0	1.85605235	-825.523915	-690.989104	-825.523915	-493.531375	239.604148	19.6249007	0	8.1	0	0	3
118	58	0	1.87191605	-855.429923	-702.298434	-855.429923	-496.783752	242.091888	19.6162908	0	8.1	0	0	3
119	58	0	1.88777974	-876.14986	-714.026052	-876.14986	-496.783752	245.355716	19.6192958	0	7.9	0	0	3
120	59	0	1.90364344	-901.027036	-726.658655	-901.027036	-518.048342	248.886078	19.6355205	0	7.8	0	0	3
121	59	0	1.91950713	-917.172723	-739.131292	-917.172723	-531.786056	251.654188	19.6596737	0	7.8	0	0	3
122	60	0	1.93537083	-932.305973	-751.647539	-932.305973	-561.103593	253.412021	19.6908215	0	7.7	0	0	3
123	60	0	1.95123452	-942.003492	-763.550661	-942.003492	-581.228187	253.925647	19.7258445	0	7.7	0	0	3
124	61	0	1.96709822	-949.268791	-775.05193	-949.268791	-624.183044	252.77663	19.7620278	0	7.8	0	0	3
125	61	0	1.98296191	-950.698573	-785.25554	-950.698573	-648.480727	250.128956	19.7889416	0	7.9	0	0	3
126	62	0	1.99882561	-948.413924	-794.628452	-950.698573	-688.511053	245.956213	19.8063693	0	8	0	0	3
127	62	0	2.0146893	-941.85431	-802.545429	-950.698573	-693.043774	240.600191	19.8083726	0	8.2	0	0	3
128	63	0	2.030553	-933.63747	-809.502377	-950.698573	-693.043774	234.420677	19.7920063	0	8.4	0	0	3
129	63	0	2.04641669	-923.367378	-815.054446	-950.698573	-693.043774	227.435108	19.759127	0	8.6	0	0	3
130	64	0	2.06228039	-913.365882	-819.740632	-950.698573	-693.043774	220.615693	19.7024296	0	8.9	0	0	3
131	64	0	2.07814409	-902.198572	-823.403882	-950.698573	-693.043774	213.775558	19.6298678	0	9.1	0	0	3
132	65	0	2.09400778	-893.709471	-826.578746	-950.698573	-693.043774	207.921535	19.5428847	0	9.3	0	0	3
133	65	0	2.10987148	-886.313517	-829.410974	-950.698573	-693.043774	203.043021	19.4584228	0	9.5	0	0	3
134	66	0	2.12573517	-885.609631	-832.462951	-950.698573	-693.043774	199.910307	19.3763741	0	9.6	0	0	3
135	66	0	2.14159887	-881.365072	-835.673924	-950.698573	-693.043774	198.274006	19.2966367	0	9.7	0	0	3
136	67	0	2.15746256	-888.899931	-839.648588	-950.698573	-693.043774	198.67662	19.2191142	0	9.6	0	0	3
137	67	0	2.17332626	-889.616531	-844.11381	-950.698573	-693.043774	200.596393	19.1437156	0	9.5	0	0	3
138	68	0	2.18918995	-903.994868	-849.643341	-950.698573	-693.043774	204.447829	19.0703548	0	9.3	0	0	3
139	69	0	2.20505365	-910.586689	-855.838231	-950.698573	-693.043774	209.519525	18.9989503	0	9	0	0	3
140	69	0	2.22091734	-927.982853	-863.090646	-950.698573	-693.043774	215.550806	18.9294248	0	8.7	0	0	3
141	70	0	2.23678104	-938.563589	-870.662441	-950.698573	-693.043774	221.763842	18.8617052	0	8.5	0	0	3
142	70	0	2.25264473	-958.819411	-878.96793	-958.819411	-698.608273	227.883097	18.7988454	0	8.2	0	0	3
143	71	0	2.26850843	-972.857404	-887.538215	-972.857404	-702.241396	233.589296	18.7429079	0	8	0	0	3
144	71	0	2.28437212	-993.619417	-896.643778	-993.619417	-728.393556	238.070499	18.6961546	0	7.8	0	0	3
145	72	0	2.30023582	-1008.77766	-905.405781	-1008.77766	-747.793017	240.901661	18.6561698	0	7.7	0	0	3
146	72	0	2.31609951	-1027.9361	-914.160253	-1027.9361	-769.986934	242.085747	18.6241694	0	7.6	0	0	3
147	73	0	2.33196321	-1041.48161	-922.644461	-1041.48161	-802.071195	239.410418	18.5978362	0	7.7	0	0	3
148	73	0	2.34782691	-1055.39652	-930.560878	-1055.39652	-825.523915	229.87261	18.5770995	0	8	0	0	3
149	74	0	2.3636906	-1065.06223	-938.04645	-1065.06223	-855.429923	209.632302	18.5602621	0	8.8	0	0	3
150	74	0	2.3795543	-1073.81431	-944.870962	-1073.81431	-876.14986	197.664445	18.5457349	0	9.3	0	0	3
151	75	0	2.39541799	-1078.36327	-951.190131	-1078.36327	-881.365072	196.998201	18.5331102	0	9.4	0	0	3
152	75	0	2.41128169	-1080.63418	-956.802854	-1080.63418	-881.365072	199.269103	18.5142973	0	9.2	0	0	3
153	76	0	2.42714538	-1079.46678	-961.874544	-1080.63418	-881.365072	199.269103	18.4912764	0	9.2	0	0	3
154	77	0	2.44300908	-1075.87764	-966.361158	-1080.63418	-881.365072	199.269103	18.4589947	0	9.2	0	0	3
155	77	0	2.45887277	-1070.27337	-970.369592	-1080.63418	-881.365072	195.317662	18.4207879	0	9.4	0	0	3
156	78	0	2.47473647	-1063.96829	-973.953951	-1080.63418	-881.365072	188.698411	18.3694047	0	9.7	0	0	3
157	78	0	2.49060016	-1056.42682	-977.257959	-1080.63418	-881.365072	182.629507	18.3112886	0	10	0	0	3
158	79	0	2.50646386	-1049.28093	-980.410053	-1080.63418	-881.365072	177.864624	18.2416333	0	10.2	0	0	3
159	79	0	2.52232755	-1041.96367	-983.538471	-1080.63418	-881.365072	174.036094	18.1720131	0	10.4	0	0	3
160	80	0	2.53819125	-1036.45964	-986.751663	-1080.63418	-881.365072	171.697217	18.1038433	0	10.5	0	0	3
161	81	0	2.55405494	-1031.53367	-990.13186	-1080.63418	-881.365072	170.391228	18.037079	0	10.5	0	0	3
162	81	0	2.56991864	-1030.80405	-993.801803	-1080.63418	-881.365072	170.39792	17.9716773	0	10.5	0	0	3
163	82	0	2.58578233	-1028.8812	-997.760635	-1080.63418	-881.365072	171.181889	17.9075969	0	10.4	0	0	3
164	82	0	2.60164603	-1030.50766	-1002.03558	-1080.63418	-881.365072	172.624604	17.844798	0	10.3	0	0	3
165	83	0	2.61750973	-1033.20984	-1006.62609	-1080.63418	-881.365072	174.163137	17.7832427	0	10.2	0	0	3
166	83	0	2.63337342	-1039.13983	-1011.42391	-1080.63418	-881.365072	175.749983	17.7228944	0	10	0	0	3
167	84	0	2.64923712	-1045.43391	-1016.55106	-1080.63418	-888.899931	176.90247	17.6637179	0	9.9	0	0	3
168	85	0	2.66510081	-1054.30068	-1021.71983	-1080.63418	-889.616531	177.606022	17.6056793	0	9.9	0	0	3
169	85	0	2.68096451	-1064.55411	-1027.18663	-1080.63418	-903.994868	176.639307	17.5487463	0	9.9	0	0	3
170	86	0	2.6968282	-1076.60924	-1032.58083	-1080.63418	-910.586689	170.047486	17.4928875	0	10.2	0	0	3
171	86	0	2.7126919	-1089.10292	-1038.15946	-1089.10292	-927.982853	161.120066	17.4404472	0	10.8	0	0	3
172	87	0	2.72855559	-1101.66328	-1043.58698	-1101.66328	-938.563589	163.099693	17.392467	0	10.6	0	0	3
173	87	0	2.74441929	-1113.84025	-1049.06437	-1113.84025	-958.819411	155.020842	17.3487186	0	11.1	0	0	3
174	88	0	2.76028298	-1125.65945	-1054.27812	-1125.65945	-972.857404	152.802047	17.3074715	0	11.3	0	0	3
175	88	0	2.77614668	-1136.39432	-1059.38865	-1136.39432	-993.619417	142.774907	17.268887	0	12	0	0	3
176	89	0	2.79201037	-1144.53196	-1064.10467	-1144.53196	-1008.77766	135.7543	17.2261661	0	12.6	0	0	3
177	90	0	2.80787407	-1151.91063	-1068.57757	-1151.91063	-1027.9361	123.974535	17.18101	0	13.8	0	0	3
178	90	0	2.82373776	-1155.52687	-1072.56479	-1155.52687	-1028.8812	126.645672	17.1317573	0	13.5	0	0	3
179	91	0	2.83960146	-1157.73432	-1076.19768	-1157.73432	-1028.8812	128.853114	17.0755672	0	13.2	0	0	3
180	91	0	2.85546516	-1156.84225	-1079.36786	-1157.73432	-1028.8812	128.853114	17.0142805	0	13.2	0	0	3
181	92	0	2.87132885	-1154.48416	-1082.1623	-1157.73432	-1028.8812	128.853114	16.9463732	0	13.1	0	0	3
182	92	0	2.88719255	-1149.98208	-1084.54254	-1157.73432	-1028.8812	128.853114	16.8743492	0	13	0	0	3
183	93	0	2.90305624	-1142.63085	-1086.5509	-1157.73432	-1028.8812	128.853114	16.8022208	0	13	0	0	3
184	93	0	2.91891994	-1135.40074	-1088.26236	-1157.73432	-1028.8812	126.387813	16.7312946	0	13.2	0	0	3
185	94	0	2.93478363	-1128.32368	-1089.78913	-1157.73432	-1028.8812	123.427976	16.6615408	0	13.4	0	0	3
186	94	0	2.95064733	-1120.70299	-1091.18993	-1157.73432	-1028.8812	120.820335	16.5929304	0	13.7	0	0	3
187	95	0	2.96651102	-1114.39385	-1092.56869	-1157.73432	-1028.8812	118.61474	16.5254357	0	13.9	0	0	3
188	95	0	2.98237472	-1107.92086	-1093.94221	-1157.73432	-1028.8812	116.68425	16.4590296	0	14.1	0	0	3
189	96	0	2.99823841	-1103.88697	-1095.42534	-1157.73432	-1028.8812	115.015286	16.3936859	0	14.2	0	0	3
190	96	0	3.01410211	-1099.56129	-1096.9966	-1157.73432	-1028.8812	113.45813	16.3293795	0	14.3	0	0	3
191	97	0	3.0299658	-1097.41444	-1098.72944	-1157.73432	-1028.8812	111.977774	16.2660858	0	14.5	0	0	3
192	98	0	3.0458295	-1097.31628	-1100.63121	-1157.73432	-1028.8812	110.499347	16.2037811	0	14.6	0	0	3
193	98	0	3.06169319	-1099.66365	-1102.76027	-1157.73432	-1028.8812	108.958466	16.1424423	0	14.8	0	0	3
194	99	0	3.07755689	-1103.13359	-1105.02057	-1157.73432	-1028.8812	107.259932	16.0820472	0	14.9	0	0	3
195	99	0	3.09342058	-1108.91421	-1107.5216	-1157.73432	-1030.50766	105.48602	16.0225741	0	15.1	0	0	3
196	100	0	3.10928428	-1116.20101	-1110.19952	-1157.73432	-1033.20984	103.573427	15.9640022	0	15.4	0	0	3
197	100	0	3.12514798	-1125.27821	-1113.07665	-1157.73432	-1039.13983	101.652745	15.906311	0	15.6	0	0	3
198	101	0	3.14101167	-1134.27033	-1116.04948	-1157.73432	-1045.43391	99.498422	15.8494809	0	15.9	0	0	3
199	101	0	3.15687537	-1144.26464	-1119.13794	-1157.73432	-1054.30068	97.418109	15.7918183	0	16.2	0	0	3
200	102	0	3.17273906	-1154.26073	-1122.26169	-1157.73432	-1064.55411	93.1802005	15.7348456	0	16.8	0	0	3
201	103	0	3.18860276	-1164.25715	-1125.37741	-1164.25715	-1076.60924	87.6479096	15.6769845	0	17.8	0	0	3
202	103	0	3.20446645	-1173.56304	-1128.40722	-1173.56304	-1089.10292	84.4601244	15.6205519	0	18.4	0	0	3
203	104	0	3.22033015	-1181.1775	-1131.28455	-1181.1775	-1097.31628	83.8612256	15.5628202	0	18.5	0	0	3
204	104	0	3.23619384	-1188.03584	-1133.98369	-1188.03584	-1097.31628	84.9193202	15.5051155	0	18.2	0	0	3
205	105	0	3.25205754	-1192.95228	-1136.45594	-1192.95228	-1097.31628	82.1778197	15.4449656	0	18.7	0	0	3
206	106	0	3.26792123	-1195.74622	-1138.64615	-1195.74622	-1097.31628	79.2575025	15.3832875	0	19.4	0	0	3
207	106	0	3.28378493	-1196.0349	-1140.50992	-1196.0349	-1097.31628	76.4052537	15.3181768	0	20	0	0	3
208	107	0	3.29964862	-1194.23063	-1142.06301	-1196.0349	-1097.31628	73.4854319	15.2508125	0	20.7	0	0	3
209	107	0	3.31551232	-1190.43301	-1143.26683	-1196.0349	-1097.31628	70.7020443	15.1804136	0	21.4	0	0	3
210	108	0	3.33137601	-1185.5975	-1144.20654	-1196.0349	-1097.31628	68.0088544	15.1107848	0	22.2	0	0	3
211	108	0	3.34723971	-1180.0979	-1144.9054	-1196.0349	-1097.31628	65.5375375	15.0421033	0	22.9	0	0	3
212	109	0	3.3631034	-1175.01	-1145.47314	-1196.0349	-1097.31628	63.3108442	14.97435	0	23.6	0	0	3
213	110	0	3.3789671	-1169.7011	-1145.94867	-1196.0349	-1097.31628	61.4061308	14.9075061	0	24.2	0	0	3
214	110	0	3.3948308	-1166.57604	-1146.46723	-1196.0349	-1097.31628	59.9163306	14.8415535	0	24.7	0	0	3
215	111	0	3.41069449	-1161.78546	-1147.06581	-1196.0349	-1097.31628	58.8034573	14.7764744	0	25.1	0	0	3
216	111	0	3.42655819	-1160.64586	-1147.85472	-1196.0349	-1097.31628	58.065589	14.7122516	0	25.3	0	0	3
217	112	0	3.44242188	-1158.34218	-1148.7928	-1196.0349	-1097.31628	57.6028749	14.6488683	0	25.4	0	0	3
218	112	0	3.45828558	-1159.47404	-1150.0044	-1196.0349	-1097.31628	57.4357055	14.5863082	0	25.3	0	0	3
219	113	0	3.47414927	-1161.54431	-1151.47785	-1196.0349	-1097.31628	57.53564	14.5245553	0	25.2	0	0	3
220	114	0	3.49001297	-1166.08629	-1153.29552	-1196.0349	-1097.31628	57.8701801	14.4635941	0	24.9	0	0	3
221	114	0	3.50587666	-1170.89653	-1155.38957	-1196.0349	-1097.31628	58.3929674	14.4034095	0	24.6	0	0	3
222	115	0	3.52174036	-1178.51198	-1157.85678	-1196.0349	-1097.31628	59.1273397	14.3439868	0	24.2	0	0	3
223	115	0	3.53760405	-1186.65943	-1160.64568	-1196.0349	-1097.31628	60.0144758	14.2853114	0	23.8	0	0	3
224	116	0	3.55346775	-1194.90328	-1163.69528	-1196.0349	-1099.66365	60.9350077	14.2273696	0	23.3	0	0	3
225	116	0	3.56933144	-1203.34453	-1166.9353	-1203.34453	-1103.13359	61.914737	14.1715095	0	22.8	0	0	3
226	117	0	3.58519514	-1211.40843	-1170.31889	-1211.40843	-1108.91421	62.7972943	14.1178324	0	22.4	0	0	3
227	117	0	3.60105883	-1219.06304	-1173.76104	-1219.06304	-1116.20101	63.5615281	14.0659234	0	22.1	0	0	3
228	118	0	3.61692253	-1224.62981	-1177.14944	-1224.62981	-1125.27821	64.0727919	14.0151714	0	21.8	0	0	3
229	118	0	3.63278622	-1229.41283	-1180.40365	-1229.41283	-1134.27033	64.3541707	13.9648261	0	21.6	0	0	3
230	119	0	3.64864992	-1232.03016	-1183.45865	-1232.03016	-1144.26464	64.3207049	13.9144228	0	21.6	0	0	3
231	120	0	3.66451362	-1233.07749	-1186.23405	-1233.07749	-1154.26073	63.9723549	13.8632185	0	21.6	0	0	3
232	120	0	3.68037731	-1231.52041	-1188.64841	-1233.07749	-1158.34218	63.271	13.8107928	0	21.8	0	0	3
233	121	0	3.69624101	-1228.28106	-1190.64916	-1233.07749	-1158.34218	62.2419407	13.7568476	0	22.1	0	0	3
234	121	0	3.7121047	-1222.94356	-1192.1923	-1233.07749	-1158.34218	60.9077511	13.7013322	0	22.4	0	0	3
235	122	0	3.7279684	-1216.62833	-1193.30014	-1233.07749	-1158.34218	59.3164472	13.6450252	0	23	0	0	3
236	122	0	3.74383209	-1208.76558	-1193.94794	-1233.07749	-1158.34218	57.4920009	13.589373	0	23.6	0	0	3
237	123	0	3.75969579	-1200.944	-1194.19768	-1233.07749	-1158.34218	55.5515308	13.5343641	0	24.3	0	0	3
238	123	0	3.77555948	-1192.29161	-1194.08973	-1233.07749	-1158.34218	53.6877627	13.4799875	0	25.1	0	0	3
239	124	0	3.79142318	-1184.37346	-1193.72531	-1233.07749	-1158.34218	52.1346791	13.4262323	0	25.7	0	0	3
240	124	0	3.80728687	-1176.84252	-1193.18193	-1233.07749	-1158.34218	50.9308548	13.373088	0	26.2	0	0	3
241	125	0	3.82315057	-1170.67541	-1192.5645	-1233.07749	-1158.34218	49.9911478	13.3205443	0	26.6	0	0	3
242	125	0	3.83901426	-1166.40645	-1191.96478	-1233.07749	-1158.34218	49.2922858	13.2685908	0	26.9	0	0	3
243	126	0	3.85487796	-1162.80886	-1191.4245	-1233.07749	-1158.34218	48.7245437	13.2172179	0	27.1	0	0	3
244	126	0	3.87074165	-1161.42649	-1191.00002	-1233.07749	-1158.34218	48.2490142	13.1664158	0	27.2	0	0	3
245	127	0	3.88660535	-1162.35577	-1190.77048	-1233.07749	-1158.34218	47.7304527	13.116175	0	27.4	0	0	3
246	128	0	3.90246905	-1164.51208	-1190.70598	-1233.07749	-1158.34218	47.131871	13.0664863	0	27.7	0	0	3
247	128	0	3.91833274	-1168.46822	-1190.91481	-1233.07749	-1158.34218	46.342961	13.0173407	0	28	0	0	3
248	129	0	3.93419644	-1174.44267	-1191.34596	-1233.07749	-1158.34218	45.404883	12.9687293	0	28.5	0	0	3
249	129	0	3.95006013	-1182.0137	-1192.0857	-1233.07749	-1159.47404	44.1932875	12.9206434	0	29.2	0	0	3
250	130	0	3.96592383	-1190.17057	-1193.04496	-1233.07749	-1161.42649	42.7198354	12.8730745	0	30.1	0	0	3
251	130	0	3.98178752	-1199.79671	-1194.24035	-1233.07749	-1161.42649	40.9448331	12.8260144	0	31.3	0	0	3
252	131	0	3.99765122	-1208.4268	-1195.56349	-1233.07749	-1161.42649	40.1739253	12.779455	0	31.8	0	0	3
253	131	0	4.01351491	-1218.29123	-1197.04458	-1233.07749	-1161.42649	39.1878008	12.7333882	0	32.4	0	0	3
