Iteration	CPUTime	PhysTime	Travels	Value	AvValue	MinValue	MaxValue	Delta	Criteria	Progress	CriteriaType	CriteriaVarType	CriteriaPercentage
1	3	0	0.0158636953	101929.715	101929.715	101929.715	101929.715	0	0	0	0	0	0	3
2	4	0	0.0317273906	105723.98	103826.847	101929.715	105723.98	1897.13252	0	0	0	0	0	3
3	4	0	0.0475910859	103103.88	103585.858	101929.715	105723.98	1897.13252	0	0	0	0	0	3
4	5	0	0.0634547812	103781.992	103634.892	101929.715	105723.98	1897.13252	0	0	0	0	0	3
5	5	0	0.0793184765	102513.74	103410.661	101929.715	105723.98	1897.13252	0	0	0	0	0	3
6	6	0	0.0951821718	101564.358	103102.944	101564.358	105723.98	1897.13252	0	0	0	0	0	3
7	6	0	0.111045867	100810.768	102775.49	100810.768	105723.98	1897.13252	0	0	0	0	0	3
8	7	0	0.126909562	100592.514	102502.618	100592.514	105723.98	1897.13252	0	0	0	0	0	3
9	7	0	0.142773258	100471.073	102276.891	100471.073	105723.98	1897.13252	0	0	0	0	0	3
10	8	0	0.158636953	100488.514	102098.053	100471.073	105723.98	1897.13252	0	0	0	0	0	3
11	8	0	0.174500648	101137.162	102010.7	100471.073	105723.98	1897.13252	0	0	0	0	0	3
12	9	0	0.190364344	100984.899	101925.216	100471.073	105723.98	1901.63103	0	0	0	0	0	3
13	9	0	0.206228039	101295.247	101876.757	100471.073	105723.98	1950.09019	0	0	0	0	0	3
14	9	0	0.222091734	101249.282	101831.937	100471.073	105723.98	1994.90981	0	0	0	0	0	3
15	10	0	0.23795543	101322.101	101797.948	100471.073	105723.98	2028.89889	0	0	0	0	0	3
16	10	0	0.253819125	101392.414	101772.602	100471.073	105723.98	2054.24481	0	0	0	0	0	3
17	11	0	0.26968282	101439.359	101753	100471.073	105723.98	2073.84737	0	0	0	0	0	3
18	11	0	0.285546516	101398.996	101733.333	100471.073	105723.98	2093.51424	0	0	0	0	0	3
19	12	0	0.301410211	101445.357	101718.176	100471.073	105723.98	2108.67088	0	0	0	0	0	3
20	12	0	0.317273906	101385.264	101701.531	100471.073	105723.98	2125.3165	0	0	0	0	0	3
21	12	0	0.333137601	101443.983	101689.267	100471.073	105723.98	2137.58068	0	0	0	0	0	3
22	13	0	0.349001297	101288.103	101671.032	100471.073	105723.98	2155.81536	0	0	0	0	0	3
23	13	0	0.364864992	101460.755	101661.889	100471.073	105723.98	2164.95785	0	0	0	0	0	3
24	14	0	0.380728687	101275.057	101645.771	100471.073	105723.98	2181.07585	0	0	0	0	0	3
25	14	0	0.396592383	101252.693	101630.048	100471.073	105723.98	2196.799	0	0	0	0	0	3
26	15	0	0.412456078	101313.588	101617.877	100471.073	105723.98	2208.97055	0	0	0	0	0	3
27	15	0	0.428319773	101341.215	101607.63	100471.073	105723.98	2219.21727	0	0	0	0	0	3
28	15	0	0.444183469	101284.785	101596.1	100471.073	105723.98	2230.74746	0	0	0	0	0	3
29	16	0	0.460047164	101349.476	101587.596	100471.073	105723.98	2239.25174	0	0	0	0	0	3
30	16	0	0.475910859	101420.833	101582.037	100471.073	105723.98	2244.8105	0	0	0	0	0	3
31	17	0	0.491774554	101330.346	101573.918	100471.073	105723.98	2252.92956	0	0	0	0	0	3
32	17	0	0.50763825	101360.754	101567.256	100471.073	105723.98	2259.59092	0	0	0	0	0	3
33	17	0	0.523501945	101442.76	101552.039	100471.073	105723.98	2274.80826	0	0	0	0	0	3
34	18	0	0.53936564	101452.69	101418.561	100471.073	103781.992	2216.33041	0	0	0	0	0	3
35	18	0	0.555229336	101495.334	101368.294	100471.073	103781.992	2266.59749	0	0	0	0	0	3
36	19	0	0.571093031	101490.096	101296.672	100471.073	102513.74	2042.66685	0	0	0	0	0	3
37	19	0	0.586956726	101639.65	101269.357	100471.073	101639.65	1168.57672	0	0	0	0	0	3
38	19	0	0.602820422	101699.914	101273.593	100471.073	101699.914	1228.84088	0	0	0	0	0	3
39	20	0	0.618684117	101836.164	101305.637	100471.073	101836.164	1233.26116	0	0	0	0	0	3
40	20	0	0.634547812	101814.156	101343.813	100471.073	101836.164	1007.53396	0	0	0	0	0	3
41	21	0	0.650411508	101921.411	101389.136	100488.514	101921.411	828.696285	0	0	0	0	0	3
42	21	0	0.666275203	101876.31	101432.505	100984.899	101921.411	741.342522	0	0	0	0	0	3
43	21	0	0.682138898	101943.949	101457.717	100984.899	101943.949	655.859152	0	0	0	0	0	3
44	22	0	0.698002593	101920.677	101486.96	101249.282	101943.949	607.399991	0	0	0	0	0	3
45	22	0	0.713866289	101991.186	101508.708	101249.282	101991.186	562.580372	0	0	0	0	0	3
46	23	0	0.729729984	101948.429	101530.556	101252.693	101991.186	528.591288	0	0	0	0	0	3
47	23	0	0.745593679	101963.755	101550.608	101252.693	101991.186	503.245372	0	0	0	0	0	3
48	23	0	0.761457375	101867.544	101565.456	101252.693	101991.186	483.642813	0	0	0	0	0	3
49	24	0	0.77732107	101823.413	101577.458	101252.693	101991.186	463.975945	0	0	0	0	0	3
50	24	0	0.793184765	101725.141	101587.65	101252.693	101991.186	448.819305	0	0	0	0	0	3
51	24	0	0.809048461	101666.46	101594.559	101252.693	101991.186	432.173686	0	0	0	0	0	3
52	25	0	0.824912156	101558.694	101599.979	101252.693	101991.186	419.909507	0	0	0	0	0	3
53	25	0	0.840775851	101483.24	101601.206	101252.693	101991.186	401.67482	0	0	0	0	0	3
54	26	0	0.856639547	101368.792	101603.727	101252.693	101991.186	392.532334	0	0	0	0	0	3
55	26	0	0.872503242	101213.068	101595.987	101213.068	101991.186	376.414328	0	0	0	0	0	3
56	26	0	0.888366937	101160.367	101592.403	101160.367	101991.186	360.691181	0	0	0	0	0	3
57	27	0	0.904230632	100959.907	101583.253	100959.907	101991.186	348.519629	0	0	0	0	0	3
58	27	0	0.920094328	100759.105	101565.926	100759.105	101991.186	338.272915	0	0	0	0	0	3
59	27	0	0.935958023	100800.576	101549.031	100759.105	101991.186	334.369975	0	0	0	0	0	3
60	28	0	0.951821718	100916.578	101537.524	100759.105	101991.186	334.369975	0	0	0	0	0	3
61	28	0	0.967685414	101032.46	101527.617	100759.105	101991.186	334.369975	0	0	0	0	0	3
62	29	0	0.983549109	101461.677	101528.894	100759.105	101991.186	334.369975	0	0	0	0	0	3
63	29	0	0.999412804	101472.657	101533.341	100759.105	101991.186	334.369975	0	0	0	0	0	3
64	30	0	1.0152765	101758.574	101545.773	100759.105	101991.186	334.369975	99.3275422	0	0	0	0	3
65	30	0	1.03114019	101925.008	101560.843	100759.105	101991.186	334.369975	99.3275422	0	0	0	0	3
66	31	0	1.04700389	101974.571	101577.152	100759.105	101991.186	334.369975	99.3275422	0	0	0	0	3
67	31	0	1.06286759	102404.495	101605.563	100759.105	102404.495	336.206114	99.3275422	0	0	0	0	3
68	32	0	1.07873128	102265.489	101629.794	100759.105	102404.495	360.437133	99.3275422	0	0	0	0	3
69	32	0	1.09459498	102494.044	101656.494	100759.105	102494.044	382.900776	99.3275422	0	0	0	0	3
70	33	0	1.11045867	102228.249	101673.004	100759.105	102494.044	367.36759	99.3275422	0	0	0	0	3
71	33	0	1.12632237	102272.948	101686.654	100759.105	102494.044	342.840785	99.3275422	0	0	0	0	3
72	34	0	1.14218606	101999.277	101692.439	100759.105	102494.044	303.302783	99.3275422	0	0	0	0	3
73	34	0	1.15804976	101929.169	101692.681	100759.105	102494.044	260.176597	99.3275422	0	0	0	0	3
74	35	0	1.17391345	101667.195	101686.147	100759.105	102494.044	234.964496	99.3275422	0	0	0	0	3
75	36	0	1.18977715	101596.627	101675.293	100759.105	102494.044	205.721435	99.3275422	0	0	0	0	3
76	36	0	1.20564084	101358.199	101657.715	100759.105	102494.044	183.973335	99.3275422	0	0	0	0	3
77	37	0	1.22150454	101208.345	101633.252	100759.105	102494.044	165.064025	99.3275422	0	0	0	0	3
78	37	0	1.23736823	101087.625	101606.351	100759.105	102494.044	165.064025	99.3275422	0	0	0	0	3
79	38	0	1.25323193	100812.582	101570.377	100759.105	102494.044	165.064025	99.3275422	0	0	0	0	3
80	38	0	1.26909562	100812.961	101537.422	100759.105	102494.044	165.064025	99.3275422	0	0	0	0	3
81	39	0	1.28495932	100565.374	101498.108	100565.374	102494.044	194.573618	99.3275422	0	0	0	0	3
82	39	0	1.30082302	100647.229	101464.423	100565.374	102494.044	228.258369	99.3275422	0	0	0	0	3
83	40	0	1.31668671	100470.478	101427.049	100470.478	102494.044	265.6328	99.3275422	0	0	0	0	3
84	40	0	1.33255041	100832.02	101404.34	100470.478	102494.044	288.341361	99.3275422	0	0	0	0	3
85	41	0	1.3484141	100682.443	101379.315	100470.478	102494.044	313.36626	99.3275422	0	0	0	0	3
86	41	0	1.3642778	100805.596	101361.715	100470.478	102494.044	330.966152	99.3275422	0	0	0	0	3
87	42	0	1.38014149	101093.296	101357.972	100470.478	102494.044	334.70901	99.3275422	0	0	0	0	3
88	42	0	1.39600519	100953.814	101351.518	100470.478	102494.044	341.163779	99.3275422	0	0	0	0	3
89	43	0	1.41186888	101362.345	101364.094	100470.478	102494.044	341.163779	99.3275422	0	0	0	0	3
90	44	0	1.42773258	101316.764	101381.521	100470.478	102494.044	341.163779	99.3275422	0	0	0	0	3
91	44	0	1.44359627	101556.336	101405.138	100470.478	102494.044	341.163779	99.3275422	0	0	0	0	3
92	45	0	1.45945997	101481.078	101422.779	100470.478	102494.044	341.163779	99.3275422	0	0	0	0	3
93	45	0	1.47532366	101816.893	101447.292	100470.478	102494.044	341.163779	99.3275422	0	0	0	0	3
94	46	0	1.49118736	101611.929	101451.988	100470.478	102494.044	341.163779	99.3275422	0	0	0	0	3
95	46	0	1.50705105	101796.824	101462.118	100470.478	102494.044	341.163779	99.3275422	0	0	0	0	3
96	47	0	1.52291475	101560.596	101455.931	100470.478	102494.044	341.163779	99.3275422	0	0	0	0	3
97	47	0	1.53877844	101666.121	101447.841	100470.478	102494.044	341.163779	99.3275422	0	0	0	0	3
98	48	0	1.55464214	101429.238	101430.799	100470.478	102494.044	341.163779	99.3275422	0	0	0	0	3
99	48	0	1.57050584	101404.299	101399.543	100470.478	102494.044	341.163779	99.3275422	0	0	0	0	3
100	49	0	1.58636953	101163.085	101365.093	100470.478	102494.044	341.163779	99.3275422	0	0	0	0	3
101	50	0	1.60223323	101029.169	101319.316	100470.478	102272.948	373.36579	99.3275422	0	0	0	0	3
102	50	0	1.61809692	100814.91	101275.149	100470.478	102272.948	417.532614	99.3275422	0	0	0	0	3
103	51	0	1.63396062	100745.437	101227.414	100470.478	101999.277	465.26734	99.3275422	0	0	0	0	3
104	51	0	1.64982431	100591.762	101183.429	100470.478	101929.169	509.252184	99.3275422	0	0	0	0	3
105	52	0	1.66568801	100591.485	101141.627	100470.478	101816.893	544.519965	99.3275422	0	0	0	0	3
106	52	0	1.6815517	100511.071	101105.498	100470.478	101816.893	569.795015	99.3275422	0	0	0	0	3
107	53	0	1.6974154	100557.584	101073.028	100470.478	101816.893	584.687657	99.3275422	0	0	0	0	3
108	53	0	1.71327909	100543.823	101047.578	100470.478	101816.893	585.673116	99.3275422	0	0	0	0	3
109	53	0	1.72914279	100780.429	101034.206	100470.478	101816.893	572.145404	99.3275422	0	0	0	0	3
110	54	0	1.74500648	100754.897	101023.808	100470.478	101816.893	546.568988	99.3275422	0	0	0	0	3
111	54	0	1.76087018	100904.038	101026.666	100470.478	101816.893	513.613272	99.3275422	0	0	0	0	3
112	55	0	1.77673387	100904.362	101029.523	100470.478	101816.893	474.299559	99.3275422	0	0	0	0	3
113	55	0	1.79259757	101238.233	101050.549	100470.478	101816.893	440.614807	99.3275422	0	0	0	0	3
114	56	0	1.80846126	101213.707	101068.252	100470.478	101816.893	438.30966	99.3275422	0	0	0	0	3
115	56	0	1.82432496	101261.112	101092.959	100511.071	101816.893	438.30966	99.3275422	0	0	0	0	3
116	57	0	1.84018866	101399.302	101110.687	100511.071	101816.893	438.30966	99.3275422	0	0	0	0	3
117	57	0	1.85605235	101322.426	101130.686	100511.071	101816.893	438.30966	99.3275422	0	0	0	0	3
118	58	0	1.87191605	101382.915	101148.727	100511.071	101816.893	438.30966	99.3275422	0	0	0	0	3
119	58	0	1.88777974	101265.257	101154.101	100511.071	101816.893	438.30966	99.3275422	0	0	0	0	3
120	59	0	1.90364344	101286.648	101164.502	100511.071	101816.893	438.30966	99.3275422	0	0	0	0	3
121	59	0	1.91950713	101161.345	101158.221	100511.071	101816.893	438.30966	99.3275422	0	0	0	0	3
122	60	0	1.93537083	101112.86	101151.849	100511.071	101816.893	438.30966	99.3275422	0	0	0	0	3
123	60	0	1.95123452	101017.44	101135.009	100511.071	101816.893	438.30966	99.3275422	0	0	0	0	3
124	61	0	1.96709822	100951.809	101118.469	100511.071	101816.893	438.30966	99.3275422	0	0	0	0	3
125	61	0	1.98296191	100854.192	101088.384	100511.071	101796.824	438.30966	99.3275422	0	0	0	0	3
126	62	0	1.99882561	100792.327	101062.772	100511.071	101796.824	438.30966	99.3275422	0	0	0	0	3
127	62	0	2.0146893	100708.174	101028.752	100511.071	101666.121	432.122846	99.3275422	0	0	0	0	3
128	63	0	2.030553	100672.822	101001.009	100511.071	101666.121	446.832199	99.3275422	0	0	0	0	3
129	63	0	2.04641669	100614.566	100968.148	100511.071	101429.238	462.651637	99.3275422	0	0	0	0	3
130	64	0	2.06228039	100607.003	100942.453	100511.071	101404.299	457.090333	99.3275422	0	0	0	0	3
131	64	0	2.07814409	100580.961	100916.723	100511.071	101399.302	448.369504	99.3275422	0	0	0	0	3
132	65	0	2.09400778	100597.222	100899.04	100511.071	101399.302	420.275402	99.3275422	0	0	0	0	3
133	65	0	2.10987148	100607.078	100885.85	100511.071	101399.302	389.298929	99.3275422	0	0	0	0	3
134	66	0	2.12573517	100703.636	100882.373	100511.071	101399.302	345.041518	99.3275422	0	0	0	0	3
135	66	0	2.14159887	100647.482	100879.311	100511.071	101399.302	304.117769	99.3275422	0	0	0	0	3
136	67	0	2.15746256	100826.171	100886.637	100511.071	101399.302	285.190793	99.3275422	0	0	0	0	3
137	67	0	2.17332626	100743.027	100891.372	100511.071	101399.302	285.190793	99.3275422	0	0	0	0	3
138	68	0	2.18918995	100936.702	100904.673	100543.823	101399.302	285.190793	99.3275422	0	0	0	0	3
139	69	0	2.20505365	100843.935	100913.622	100543.823	101399.302	285.190793	99.3275422	0	0	0	0	3
140	69	0	2.22091734	100988.096	100927.505	100580.961	101399.302	285.190793	99.3275422	0	0	0	0	3
141	70	0	2.23678104	100924.014	100931.992	100580.961	101399.302	285.190793	99.3275422	0	0	0	0	3
142	70	0	2.25264473	101057.591	100941.452	100580.961	101399.302	285.190793	99.3275422	0	0	0	0	3
143	71	0	2.26850843	100999.14	100944.424	100580.961	101399.302	285.190793	99.3275422	0	0	0	0	3
144	71	0	2.28437212	101082.594	100949.993	100580.961	101399.302	285.190793	99.3275422	0	0	0	0	3
145	72	0	2.30023582	101023.116	100943.271	100580.961	101399.302	285.190793	99.3275422	0	0	0	0	3
146	72	0	2.31609951	101063.438	100938.575	100580.961	101399.302	285.190793	99.3275422	0	0	0	0	3
147	73	0	2.33196321	100994.439	100930.242	100580.961	101399.302	285.190793	99.3275422	0	0	0	0	3
148	73	0	2.34782691	100991.24	100917.49	100580.961	101382.915	285.190793	99.3275422	0	0	0	0	3
149	74	0	2.3636906	100929.098	100905.198	100580.961	101382.915	285.190793	99.3275422	0	0	0	0	3
150	74	0	2.3795543	100906.33	100890.305	100580.961	101286.648	285.190793	99.3275422	0	0	0	0	3
151	75	0	2.39541799	100840.502	100877.031	100580.961	101286.648	287.471108	99.3275422	0	0	0	0	3
152	75	0	2.41128169	100806.326	100862.021	100580.961	101161.345	296.199891	99.3275422	0	0	0	0	3
153	76	0	2.42714538	100744.24	100848.987	100580.961	101112.86	302.862428	99.3275422	0	0	0	0	3
154	77	0	2.44300908	100713.321	100836.501	100580.961	101082.594	298.507556	99.3275422	0	0	0	0	3
155	77	0	2.45887277	100665.176	100825.493	100580.961	101082.594	292.976155	99.3275422	0	0	0	0	3
156	78	0	2.47473647	100647.748	100815.991	100580.961	101082.594	272.393642	99.3275422	0	0	0	0	3
157	78	0	2.49060016	100617.829	100808.604	100580.961	101082.594	254.167473	99.3275422	0	0	0	0	3
158	79	0	2.50646386	100617.829	100803.151	100580.961	101082.594	225.600259	99.3275422	0	0	0	0	3
159	79	0	2.52232755	100608.085	100800.024	100580.961	101082.594	200.985126	99.3275422	0	0	0	0	3
160	80	0	2.53819125	100627.489	100798.607	100580.961	101082.594	169.540663	99.3275422	0	0	0	0	3
161	81	0	2.55405494	100641.446	100799.447	100580.961	101082.594	151.386392	99.3275422	0	0	0	0	3
162	81	0	2.56991864	100695.451	100802.211	100580.961	101082.594	151.386392	99.3275422	0	0	0	0	3
163	82	0	2.58578233	100681.767	100805.361	100597.222	101082.594	151.386392	99.3275422	0	0	0	0	3
164	82	0	2.60164603	100751.997	100810.198	100607.078	101082.594	151.386392	99.3275422	0	0	0	0	3
165	83	0	2.61750973	100760.055	100814.978	100608.085	101082.594	151.386392	99.3275422	0	0	0	0	3
166	83	0	2.63337342	100817.858	100818.548	100608.085	101082.594	151.386392	99.3275422	0	0	0	0	3
167	84	0	2.64923712	100833.705	100824.367	100608.085	101082.594	151.386392	99.3275422	0	0	0	0	3
168	85	0	2.66510081	100876.33	100825.935	100608.085	101082.594	151.386392	99.3275422	0	0	0	0	3
169	85	0	2.68096451	100898.292	100830.787	100608.085	101082.594	151.386392	99.3275422	0	0	0	0	3
170	86	0	2.6968282	100926.015	100830.453	100608.085	101082.594	151.386392	99.3275422	0	0	0	0	3
171	86	0	2.7126919	100929.703	100833.133	100608.085	101082.594	151.386392	99.3275422	0	0	0	0	3
172	87	0	2.72855559	100946.642	100831.838	100608.085	101082.594	151.386392	99.3275422	0	0	0	0	3
173	87	0	2.74441929	100944.594	100832.481	100608.085	101082.594	151.386392	99.3275422	0	0	0	0	3
174	88	0	2.76028298	100932.216	100828.563	100608.085	101082.594	151.386392	99.3275422	0	0	0	0	3
175	88	0	2.77614668	100915.954	100825.963	100608.085	101082.594	151.386392	99.3275422	0	0	0	0	3
176	89	0	2.79201037	100889.279	100819.922	100608.085	101063.438	144.663996	99.3275422	0	0	0	0	3
177	90	0	2.80787407	100865.36	100814.992	100608.085	101063.438	139.968094	99.3275422	0	0	0	0	3
178	90	0	2.82373776	100823.039	100807.48	100608.085	100994.439	131.634547	99.3275422	0	0	0	0	3
179	91	0	2.83960146	100788.397	100801.041	100608.085	100991.24	118.882603	99.3275422	0	0	0	0	3
180	91	0	2.85546516	100747.836	100793.435	100608.085	100946.642	111.763444	99.3275422	0	0	0	0	3
181	92	0	2.87132885	100712.735	100786.673	100608.085	100946.642	103.6315	99.3275422	0	0	0	0	3
182	92	0	2.88719255	100682.408	100779.676	100608.085	100946.642	97.3554744	99.3275422	0	0	0	0	3
183	93	0	2.90305624	100656.271	100773.918	100608.085	100946.642	88.1026459	99.3275422	0	0	0	0	3
184	93	0	2.91891994	100633.701	100768.524	100608.085	100946.642	80.4626593	99.3275422	0	0	0	0	3
185	94	0	2.93478363	100615.366	100764.497	100608.085	100946.642	72.0043605	99.3275422	0	0	0	0	3
186	94	0	2.95064733	100612.171	100761.336	100608.085	100946.642	71.7974074	99.3275422	0	0	0	0	3
187	95	0	2.96651102	100614.352	100759.747	100608.085	100946.642	73.3856566	99.3275422	0	0	0	0	3
188	95	0	2.98237472	100620.638	100758.9	100608.085	100946.642	74.2328358	99.3275422	0	0	0	0	3
189	96	0	2.99823841	100654.279	100760.039	100608.085	100946.642	74.2328358	99.3275422	0	0	0	0	3
190	96	0	3.01410211	100653.854	100761.165	100608.085	100946.642	74.2328358	99.3275422	0	0	0	0	3
191	97	0	3.0299658	100702.096	100764.103	100612.171	100946.642	74.2328358	99.3275422	0	0	0	0	3
192	98	0	3.0458295	100711.318	100766.723	100612.171	100946.642	74.2328358	99.3275422	0	0	0	0	3
193	98	0	3.06169319	100759.986	100770.427	100612.171	100946.642	74.2328358	99.3275422	0	0	0	0	3
194	99	0	3.07755689	100784.276	100773.203	100612.171	100946.642	74.2328358	99.3275422	0	0	0	0	3
195	99	0	3.09342058	100814.473	100777.35	100612.171	100946.642	74.2328358	99.3275422	0	0	0	0	3
196	100	0	3.10928428	100841.732	100780.154	100612.171	100946.642	74.2328358	99.3275422	0	0	0	0	3
197	100	0	3.12514798	100867.892	100783.524	100612.171	100946.642	74.2328358	99.3275422	0	0	0	0	3
198	101	0	3.14101167	100886.409	100785.666	100612.171	100946.642	74.2328358	99.3275422	0	0	0	0	3
199	101	0	3.15687537	100894.126	100787.554	100612.171	100946.642	74.2328358	99.3275422	0	0	0	0	3
200	102	0	3.17273906	100904.568	100788.437	100612.171	100946.642	74.2328358	99.3275422	0	0	0	0	3
201	103	0	3.18860276	100899.897	100788.487	100612.171	100946.642	74.2328358	99.3275422	0	0	0	0	3
202	103	0	3.20446645	100891.889	100787.42	100612.171	100946.642	74.2328358	99.3275422	0	0	0	0	3
203	104	0	3.22033015	100875.938	100785.74	100612.171	100946.642	73.580521	99.3275422	0	0	0	0	3
204	104	0	3.23619384	100860.172	100783.038	100612.171	100944.594	73.580521	99.3275422	0	0	0	0	3
205	105	0	3.25205754	100825.449	100779.315	100612.171	100932.216	69.6625544	99.3275422	0	0	0	0	3
206	106	0	3.26792123	100803.271	100775.285	100612.171	100915.954	67.0629669	99.3275422	0	0	0	0	3
207	106	0	3.28378493	100763.935	100770.535	100612.171	100904.568	61.0218941	99.3275422	0	0	0	0	3
208	107	0	3.29964862	100721.161	100765.281	100612.171	100904.568	56.0920024	99.3275422	0	0	0	0	3
209	107	0	3.31551232	100690.497	100759.817	100612.171	100904.568	48.5795123	99.3275422	0	0	0	0	3
210	108	0	3.33137601	100675.232	100755.198	100612.171	100904.568	45.843343	99.3275422	0	0	0	0	3
211	108	0	3.34723971	100658.465	100751.137	100612.171	100904.568	42.2973548	99.3275422	0	0	0	0	3
212	109	0	3.3631034	100657.917	100748.327	100612.171	100904.568	40.1596335	99.3275422	0	0	0	0	3
213	110	0	3.3789671	100655.019	100746.524	100612.171	100904.568	41.9632424	99.3275422	0	0	0	0	3
214	110	0	3.3948308	100682.717	100746.533	100612.171	100904.568	41.9632424	99.3275422	0	0	0	0	3
215	111	0	3.41069449	100663.974	100746.774	100612.171	100904.568	41.9632424	99.3275422	0	0	0	0	3
216	111	0	3.42655819	100715.57	100749.332	100612.171	100904.568	41.9632424	99.3275422	0	0	0	0	3
217	112	0	3.44242188	100713.822	100752.409	100612.171	100904.568	41.9632424	99.3275422	0	0	0	0	3
218	112	0	3.45828558	100758.677	100756.988	100614.352	100904.568	41.9632424	99.3275422	0	0	0	0	3
219	113	0	3.47414927	100769.631	100761.84	100620.638	100904.568	41.9632424	99.3275422	0	0	0	0	3
220	114	0	3.49001297	100815.513	100767.93	100653.854	100904.568	41.9632424	99.3275422	0	0	0	0	3
221	114	0	3.50587666	100825.179	100773.27	100653.854	100904.568	41.9632424	99.3275422	0	0	0	0	3
222	115	0	3.52174036	100861.693	100779.765	100655.019	100904.568	41.9632424	99.3275422	0	0	0	0	3
223	115	0	3.53760405	100864.093	100784.828	100655.019	100904.568	41.9632424	99.3275422	0	0	0	0	3
224	116	0	3.55346775	100884.581	100790.242	100655.019	100904.568	43.7186512	99.3275422	0	0	0	0	3
225	116	0	3.56933144	100882.654	100794.076	100655.019	100904.568	47.5520341	99.3275422	0	0	0	0	3
226	117	0	3.58519514	100875.159	100796.916	100655.019	100904.568	50.3921262	99.3275422	0	0	0	0	3
227	117	0	3.60105883	100869.168	100798.625	100655.019	100904.568	52.1013523	99.3275422	0	0	0	0	3
228	118	0	3.61692253	100848.508	100798.837	100655.019	100904.568	52.3131315	99.3275422	0	0	0	0	3
229	118	0	3.63278622	100827.903	100797.587	100655.019	100904.568	52.3131315	99.3275422	0	0	0	0	3
230	119	0	3.64864992	100795.365	100794.742	100655.019	100904.568	52.3131315	99.3275422	0	0	0	0	3
231	120	0	3.66451362	100765.409	100790.72	100655.019	100904.568	52.3131315	99.3275422	0	0	0	0	3
232	120	0	3.68037731	100725.157	100785.113	100655.019	100899.897	52.3131315	99.3275422	0	0	0	0	3
233	121	0	3.69624101	100695.677	100778.731	100655.019	100891.889	52.3131315	99.3275422	0	0	0	0	3
234	121	0	3.7121047	100660.342	100771.495	100655.019	100884.581	52.3131315	99.3275422	0	0	0	0	3
235	122	0	3.7279684	100635.109	100763.969	100635.109	100884.581	52.3131315	99.3275422	0	0	0	0	3
236	122	0	3.74383209	100605.943	100756.025	100605.943	100884.581	52.3131315	99.3275422	0	0	0	0	3
237	123	0	3.75969579	100599.568	100748.966	100599.568	100884.581	52.3131315	99.3275422	0	0	0	0	3
238	123	0	3.77555948	100590.252	100742.309	100590.252	100884.581	56.5276874	99.3275422	0	0	0	0	3
239	124	0	3.79142318	100591.01	100736.905	100590.252	100884.581	61.9316187	99.3275422	0	0	0	0	3
240	124	0	3.80728687	100596.553	100733.011	100590.252	100884.581	65.8256085	99.3275422	0	0	0	0	3
241	125	0	3.82315057	100616.573	100730.701	100590.252	100884.581	68.1357217	99.3275422	0	0	0	0	3
242	125	0	3.83901426	100649.37	100729.893	100590.252	100884.581	68.9439063	99.3275422	0	0	0	0	3
243	126	0	3.85487796	100658.551	100729.896	100590.252	100884.581	68.9439063	99.3275422	0	0	0	0	3
244	126	0	3.87074165	100701.533	100731.259	100590.252	100884.581	68.9439063	99.3275422	0	0	0	0	3
245	127	0	3.88660535	100722.761	100733.376	100590.252	100884.581	68.9439063	99.3275422	0	0	0	0	3
246	128	0	3.90246905	100761.407	100735.835	100590.252	100884.581	68.9439063	99.3275422	0	0	0	0	3
247	128	0	3.91833274	100789.585	100739.76	100590.252	100884.581	68.9439063	99.3275422	0	0	0	0	3
248	129	0	3.93419644	100823.316	100743.127	100590.252	100884.581	68.9439063	99.3275422	0	0	0	0	3
249	129	0	3.95006013	100850.471	100747.397	100590.252	100884.581	68.9439063	99.3275422	0	0	0	0	3
250	130	0	3.96592383	100875.029	100751.033	100590.252	100884.581	68.9439063	99.3275422	0	0	0	0	3
251	130	0	3.98178752	100889.777	100754.788	100590.252	100889.777	68.9439063	99.3275422	0	0	0	0	3
252	131	0	3.99765122	100903.854	100757.548	100590.252	100903.854	68.9439063	99.3275422	0	0	0	0	3
253	131	0	4.01351491	100903.468	100759.995	100590.252	100903.854	68.9439063	99.3275422	0	0	0	0	3
