Iteration	CPUTime	PhysTime	Travels	Value	AvValue	MinValue	MaxValue	Delta	Criteria	Progress	CriteriaType	CriteriaVarType	CriteriaPercentage
1	3	0	0.0158636953	-1.23116795e-44	-1.23116795e-44	-1.23116795e-44	-1.23116795e-44	0	0	0	0	0	0	3
2	4	0	0.0317273906	-0.00831070626	-0.00415535313	-0.00831070626	-1.23116795e-44	0.00415535313	0	0	0	0	0	3
3	4	0	0.0475910859	-0.00478683994	-0.00436584873	-0.00831070626	-1.23116795e-44	0.00436584873	0	0	0	0	0	3
4	5	0	0.0634547812	-0.00653997799	-0.00490938105	-0.00831070626	-1.23116795e-44	0.00490938105	0	0	0	0	0	3
5	5	0	0.0793184765	-0.0046704474	-0.00486159432	-0.00831070626	-1.23116795e-44	0.00490938105	0	0	0	0	0	3
6	6	0	0.0951821718	-0.00495988334	-0.00487797582	-0.00831070626	-1.23116795e-44	0.00490938105	0	0	0	0	0	3
7	6	0	0.111045867	-0.00390016828	-0.00473828903	-0.00831070626	-1.23116795e-44	0.00490938105	0	0	0	0	0	3
8	7	0	0.126909562	-0.00345125691	-0.00457741002	-0.00831070626	-1.23116795e-44	0.00490938105	0	0	0	0	0	3
9	7	0	0.142773258	-0.0030027282	-0.00440244537	-0.00831070626	-1.23116795e-44	0.00490938105	0	0	0	0	0	3
10	8	0	0.158636953	-0.00219403972	-0.0041816048	-0.00831070626	-1.23116795e-44	0.00490938105	0	0	0	0	0	3
11	8	0	0.174500648	-0.00212269775	-0.00399443144	-0.00831070626	-1.23116795e-44	0.00490938105	0	0	0	0	0	3
12	9	0	0.190364344	-0.00158538667	-0.00379367771	-0.00831070626	-1.23116795e-44	0.00490938105	0	0	0	0	0	3
13	9	0	0.206228039	-0.00152607143	-0.00361924645	-0.00831070626	-1.23116795e-44	0.00490938105	0	0	0	0	0	3
14	9	0	0.222091734	-0.00137870318	-0.00345920765	-0.00831070626	-1.23116795e-44	0.00490938105	0	0	0	0	0	3
15	10	0	0.23795543	-0.00123048534	-0.00331062616	-0.00831070626	-1.23116795e-44	0.00490938105	0	0	0	0	0	3
16	10	0	0.253819125	-0.00108012565	-0.00317121988	-0.00831070626	-1.23116795e-44	0.00490938105	0	0	0	0	0	3
17	11	0	0.26968282	-0.000979740531	-0.00304230933	-0.00831070626	-1.23116795e-44	0.00490938105	0	0	0	0	0	3
18	11	0	0.285546516	-0.000819549157	-0.00291882265	-0.00831070626	-1.23116795e-44	0.00490938105	0	0	0	0	0	3
19	12	0	0.301410211	-0.000748205651	-0.00280457965	-0.00831070626	-1.23116795e-44	0.00490938105	0	0	0	0	0	3
20	12	0	0.317273906	-0.000602269156	-0.00269446413	-0.00831070626	-1.23116795e-44	0.00490938105	0	0	0	0	0	3
21	12	0	0.333137601	-0.000547584048	-0.00259223174	-0.00831070626	-1.23116795e-44	0.00490938105	0	0	0	0	0	3
22	13	0	0.349001297	-0.000410918052	-0.00249308112	-0.00831070626	-1.23116795e-44	0.00490938105	0	0	0	0	0	3
23	13	0	0.364864992	-0.000429587026	-0.00240336399	-0.00831070626	-1.23116795e-44	0.00490938105	0	0	0	0	0	3
24	14	0	0.380728687	-0.000282338959	-0.00231498794	-0.00831070626	-1.23116795e-44	0.00490938105	0	0	0	0	0	3
25	14	0	0.396592383	-0.000398600616	-0.00223833245	-0.00831070626	-1.23116795e-44	0.00490938105	0	0	0	0	0	3
26	15	0	0.412456078	-0.000405583013	-0.00216784209	-0.00831070626	-1.23116795e-44	0.00490938105	0	0	0	0	0	3
27	15	0	0.428319773	-0.000217671561	-0.00209561355	-0.00831070626	-1.23116795e-44	0.00490938105	0	0	0	0	0	3
28	15	0	0.444183469	-5.94764835e-05	-0.00202289437	-0.00831070626	-1.23116795e-44	0.00490938105	0	0	0	0	0	3
29	16	0	0.460047164	0.00018743683	-0.00194667605	-0.00831070626	0.00018743683	0.00490938105	0	0	0	0	0	3
30	16	0	0.475910859	0.000483538322	-0.00186566891	-0.00831070626	0.000483538322	0.00490938105	0	0	0	0	0	3
31	17	0	0.491774554	0.000772914525	-0.00178055331	-0.00831070626	0.000772914525	0.00490938105	0	0	0	0	0	3
32	17	0	0.50763825	0.00119583197	-0.00168754127	-0.00831070626	0.00119583197	0.00490938105	0	0	0	0	0	3
33	17	0	0.523501945	0.00172386385	-0.00163367053	-0.00831070626	0.00172386385	0.00327571052	0	0	0	0	0	3
34	18	0	0.53936564	0.00224144065	-0.00130391593	-0.00653997799	0.00224144065	0.00360546511	0	0	0	0	0	3
35	18	0	0.555229336	0.00270284284	-0.00106986335	-0.00653997799	0.00270284284	0.0038395177	0	0	0	0	0	3
36	19	0	0.571093031	0.00313922161	-0.00076738836	-0.00495988334	0.00313922161	0.00411058746	0	0	0	0	0	3
37	19	0	0.586956726	0.00362643285	-0.000508110852	-0.00495988334	0.00362643285	0.00436986497	0	0	0	0	0	3
38	19	0	0.602820422	0.00396693867	-0.000229147665	-0.00390016828	0.00396693867	0.00450914137	0	0	0	0	0	3
39	20	0	0.618684117	0.00400459153	1.78760792e-05	-0.00345125691	0.00400459153	0.00459528609	0	0	0	0	0	3
40	20	0	0.634547812	0.00393956356	0.000248839219	-0.0030027282	0.00400459153	0.00465128459	0	0	0	0	0	3
41	21	0	0.650411508	0.00359372281	0.000454978313	-0.00219403972	0.00400459153	0.00463658312	0	0	0	0	0	3
42	21	0	0.666275203	0.00307090537	0.000619507847	-0.00212269775	0.00400459153	0.00461393928	0	0	0	0	0	3
43	21	0	0.682138898	0.0022893096	0.000757383077	-0.00158538667	0.00400459153	0.00455106078	0	0	0	0	0	3
44	22	0	0.698002593	0.00147947398	0.000853159972	-0.00152607143	0.00400459153	0.00447240643	0	0	0	0	0	3
45	22	0	0.713866289	0.000433163969	0.000914386078	-0.00137870318	0.00400459153	0.00437359373	0	0	0	0	0	3
46	23	0	0.729729984	-0.000612896425	0.000938317539	-0.00123048534	0.00400459153	0.0042489437	0	0	0	0	0	3
47	23	0	0.745593679	-0.00179590434	0.000920648196	-0.00179590434	0.00400459153	0.00410953742	0	0	0	0	0	3
48	23	0	0.761457375	-0.00283437593	0.000865827874	-0.00283437593	0.00400459153	0.00398062687	0	0	0	0	0	3
49	24	0	0.77732107	-0.00388098492	0.000775163987	-0.00388098492	0.00400459153	0.00385714019	0	0	0	0	0	3
50	24	0	0.793184765	-0.00468431192	0.000654390151	-0.00468431192	0.00400459153	0.00374289719	0	0	0	0	0	3
51	24	0	0.809048461	-0.0053871767	0.000509422306	-0.0053871767	0.00400459153	0.00363278167	0	0	0	0	0	3
52	25	0	0.824912156	-0.00580367909	0.000346878245	-0.00580367909	0.00400459153	0.00353054928	0	0	0	0	0	3
53	25	0	0.840775851	-0.00606727029	0.00017438805	-0.00606727029	0.00400459153	0.00343139866	0	0	0	0	0	3
54	26	0	0.856639547	-0.00599572172	-1.37064652e-07	-0.00606727029	0.00400459153	0.00334168153	0	0	0	0	0	3
55	26	0	0.872503242	-0.0056280215	-0.000162588142	-0.00606727029	0.00400459153	0.00325330548	0	0	0	0	0	3
56	26	0	0.888366937	-0.00513540973	-0.000314246604	-0.00606727029	0.00400459153	0.00317664999	0	0	0	0	0	3
57	27	0	0.904230632	-0.00428224458	-0.000435610477	-0.00606727029	0.00400459153	0.00310615963	0	0	0	0	0	3
58	27	0	0.920094328	-0.00310606536	-0.000520000551	-0.00606727029	0.00400459153	0.00303393109	0	0	0	0	0	3
59	27	0	0.935958023	-0.00182846611	-0.000570337881	-0.00606727029	0.00400459153	0.00296121191	0	0	0	0	0	3
60	28	0	0.951821718	-0.000458353397	-0.000582802784	-0.00606727029	0.00400459153	0.00288499359	0	0	0	0	0	3
61	28	0	0.967685414	0.0009280318	-0.000559659191	-0.00606727029	0.00400459153	0.00280398645	0	0	0	0	0	3
62	29	0	0.983549109	0.00196000069	-0.000513519742	-0.00606727029	0.00400459153	0.00271887085	0	0	0	0	0	3
63	29	0	0.999412804	0.00302604387	-0.00044310945	-0.00606727029	0.00400459153	0.00262585881	0	0	0	0	0	3
64	30	0	1.0152765	0.00361517794	-0.000367504889	-0.00606727029	0.00400459153	0.00257198806	0.000347943958	0	0	0	0	3
65	30	0	1.03114019	0.00394598866	-0.000298063489	-0.00606727029	0.00400459153	0.00224223347	0.000382265845	0	0	0	0	3
66	31	0	1.04700389	0.00392848282	-0.000245343421	-0.00606727029	0.00400459153	0.00200818089	0.000417754141	0	0	0	0	3
67	31	0	1.06286759	0.00320358491	-0.000229695231	-0.00606727029	0.00400459153	0.0017057059	0.00044160612	0	0	0	0	3
68	32	0	1.07873128	0.00258599853	-0.000246983452	-0.00606727029	0.00400459153	0.00152112032	0.000450703459	0	0	0	0	3
69	32	0	1.09459498	0.00125161144	-0.000321196621	-0.00606727029	0.00400459153	0.00152112032	0.000457457215	0	0	0	0	3
70	33	0	1.11045867	0.000268421228	-0.000436775291	-0.00606727029	0.00400459153	0.00152112032	0.000444890631	0	0	0	0	3
71	33	0	1.12632237	-0.00107045105	-0.000595370372	-0.00606727029	0.00394598866	0.00153368791	0.00044798824	0	0	0	0	3
72	34	0	1.14218606	-0.00202691156	-0.000781822719	-0.00606727029	0.00394598866	0.00172014026	0.000422844482	0	0	0	0	3
73	34	0	1.15804976	-0.00309105708	-0.000990722091	-0.00606727029	0.00394598866	0.00192903963	0.000407296795	0	0	0	0	3
74	35	0	1.17391345	-0.00376954565	-0.00120448619	-0.00606727029	0.00394598866	0.00214280372	0.00037983641	0	0	0	0	3
75	36	0	1.18977715	-0.00445045826	-0.00141510393	-0.00606727029	0.00394598866	0.00235342147	0.000354323839	0	0	0	0	3
76	36	0	1.20564084	-0.00474411874	-0.0016095912	-0.00606727029	0.00394598866	0.00254790874	0.000328808297	0	0	0	0	3
77	37	0	1.22150454	-0.00489655653	-0.00177614497	-0.00606727029	0.00394598866	0.00271446251	0.000316337086	0	0	0	0	3
78	37	0	1.23736823	-0.00487506353	-0.00190933769	-0.00606727029	0.00394598866	0.00282998589	0.000316337086	0	0	0	0	3
79	38	0	1.25323193	-0.00442731663	-0.00199156933	-0.00606727029	0.00394598866	0.0028573972	0.000316337086	0	0	0	0	3
80	38	0	1.26909562	-0.00402946465	-0.00202891585	-0.00606727029	0.00394598866	0.00280407983	0.000316337086	0	0	0	0	3
81	39	0	1.28495932	-0.00311869253	-0.00200509421	-0.00606727029	0.00394598866	0.002683306	0.000316337086	0	0	0	0	3
82	39	0	1.30082302	-0.00239841696	-0.00193365999	-0.00606727029	0.00394598866	0.00253833815	0.000316337086	0	0	0	0	3
83	40	0	1.31668671	-0.00119133796	-0.00180254003	-0.00606727029	0.00394598866	0.00237579409	0.000316337086	0	0	0	0	3
84	40	0	1.33255041	-0.000334530182	-0.00163162913	-0.00606727029	0.00394598866	0.0022033039	0.000316337086	0	0	0	0	3
85	41	0	1.3484141	0.000545856848	-0.00142496891	-0.00599572172	0.00394598866	0.00202877878	0.000316337086	0	0	0	0	3
86	41	0	1.3642778	0.00128341698	-0.00119749582	-0.0056280215	0.00394598866	0.00186632771	0.000316337086	0	0	0	0	3
87	42	0	1.38014149	0.0018478381	-0.000963875208	-0.00513540973	0.00394598866	0.00179922062	0.000316337086	0	0	0	0	3
88	42	0	1.39600519	0.00264789091	-0.000720647064	-0.00489655653	0.00394598866	0.00179922062	0.000317462178	0	0	0	0	3
89	43	0	1.41186888	0.00266645461	-0.000503500214	-0.00489655653	0.00394598866	0.00179922062	0.000352464987	0	0	0	0	3
90	44	0	1.42773258	0.00315413544	-0.000307868939	-0.00489655653	0.00394598866	0.00179922062	0.000369755826	0	0	0	0	3
91	44	0	1.44359627	0.00270028597	-0.000166345436	-0.00489655653	0.00394598866	0.00186257041	0.000414392438	0	0	0	0	3
92	45	0	1.45945997	0.00253190421	-7.28998863e-05	-0.00489655653	0.00394598866	0.00195601596	0.000432807276	0	0	0	0	3
93	45	0	1.47532366	0.00173094413	-4.78088759e-05	-0.00489655653	0.00394598866	0.00198110697	0.0004345382	0	0	0	0	3
94	46	0	1.49118736	0.00127465622	-6.92258905e-05	-0.00489655653	0.00394598866	0.00198110697	0.000441472861	0	0	0	0	3
95	46	0	1.50705105	0.000350684771	-0.000152830862	-0.00489655653	0.00394598866	0.00198110697	0.00045465267	0	0	0	0	3
96	47	0	1.52291475	-0.000188190536	-0.000271686127	-0.00489655653	0.00394598866	0.00198110697	0.000436604839	0	0	0	0	3
97	47	0	1.53877844	-0.00107495044	-0.000428590474	-0.00489655653	0.00392848282	0.00198110697	0.000443098833	0	0	0	0	3
98	48	0	1.55464214	-0.00156235452	-0.000600179141	-0.00489655653	0.00320358491	0.00198110697	0.000414237965	0	0	0	0	3
99	48	0	1.57050584	-0.00221020219	-0.000769359988	-0.00489655653	0.00315413544	0.00198110697	0.000416912942	0	0	0	0	3
100	49	0	1.58636953	-0.00248818381	-0.000927928186	-0.00489655653	0.00315413544	0.00198110697	0.00038806038	0	0	0	0	3
101	50	0	1.60223323	-0.00274013232	-0.00105267018	-0.00489655653	0.00315413544	0.00198110697	0.000376820063	0	0	0	0	3
102	50	0	1.61809692	-0.00267859043	-0.00114476429	-0.00489655653	0.00315413544	0.00198110697	0.000358218677	0	0	0	0	3
103	51	0	1.63396062	-0.00256997044	-0.00119162427	-0.00489655653	0.00315413544	0.00198110697	0.000345622614	0	0	0	0	3
104	51	0	1.64982431	-0.00215814793	-0.00119572541	-0.00489655653	0.00315413544	0.00198110697	0.000330602634	0	0	0	0	3
105	52	0	1.66568801	-0.00175763768	-0.00115405605	-0.00489655653	0.00315413544	0.00198110697	0.000323465607	0	0	0	0	3
106	52	0	1.6815517	-0.00110824787	-0.0010708905	-0.00489655653	0.00315413544	0.00198110697	0.000316337086	0	0	0	0	3
107	53	0	1.6974154	-0.000524266497	-0.000948197005	-0.00489655653	0.00315413544	0.00198110697	0.000316940677	0	0	0	0	3
108	53	0	1.71327909	0.000220222704	-0.000793061335	-0.00489655653	0.00315413544	0.00198110697	0.000326525384	0	0	0	0	3
109	53	0	1.72914279	0.00067927413	-0.000618816627	-0.00487506353	0.00315413544	0.00198110697	0.000356315172	0	0	0	0	3
110	54	0	1.74500648	0.00139424322	-0.000422900791	-0.00442731663	0.00315413544	0.00198110697	0.000358205124	0	0	0	0	3
111	54	0	1.76087018	0.00161867086	-0.000233963682	-0.00402946465	0.00315413544	0.00198110697	0.000392554277	0	0	0	0	3
112	55	0	1.77673387	0.00202129145	-4.48775542e-05	-0.00311869253	0.00315413544	0.00196021666	0.000409571517	0	0	0	0	3
113	55	0	1.79259757	0.00192602801	0.000112769962	-0.00274013232	0.00315413544	0.00204642995	0.000447176956	0	0	0	0	3
114	56	0	1.80846126	0.00209586071	0.00025321614	-0.00274013232	0.00315413544	0.00205575617	0.000458578756	0	0	0	0	3
115	56	0	1.82432496	0.00182685364	0.000347534627	-0.00274013232	0.00315413544	0.00197916376	0.000478704575	0	0	0	0	3
116	57	0	1.84018866	0.0015023291	0.00040493648	-0.00274013232	0.00315413544	0.00182990539	0.000479937531	0	0	0	0	3
117	57	0	1.85605235	0.00116750283	0.000424362917	-0.00274013232	0.00315413544	0.00162185874	0.000477884356	0	0	0	0	3
118	58	0	1.87191605	0.000690189344	0.000405824553	-0.00274013232	0.00315413544	0.00162008833	0.00048649071	0	0	0	0	3
119	58	0	1.88777974	0.000281780442	0.000356885251	-0.00274013232	0.00315413544	0.00162008833	0.000471990352	0	0	0	0	3
120	59	0	1.90364344	-0.000211121904	0.000267541101	-0.00274013232	0.00315413544	0.00162008833	0.000475227992	0	0	0	0	3
121	59	0	1.91950713	-0.000595912422	0.000165592131	-0.00274013232	0.00315413544	0.00162008833	0.000456784487	0	0	0	0	3
122	60	0	1.93537083	-0.0009873683	3.61701394e-05	-0.00274013232	0.00270028597	0.00162008833	0.000449891325	0	0	0	0	3
123	60	0	1.95123452	-0.00125283483	-8.73648857e-05	-0.00274013232	0.00253190421	0.00162008833	0.000440045392	0	0	0	0	3
124	61	0	1.96709822	-0.00148181081	-0.00021279348	-0.00274013232	0.00209586071	0.00162008833	0.000432483857	0	0	0	0	3
125	61	0	1.98296191	-0.00158175381	-0.000316315291	-0.00274013232	0.00209586071	0.00162008833	0.000421568786	0	0	0	0	3
126	62	0	1.99882561	-0.00161441624	-0.000406598805	-0.00274013232	0.00209586071	0.00162008833	0.00041167987	0	0	0	0	3
127	62	0	2.0146893	-0.00151598724	-0.000464932306	-0.00274013232	0.00209586071	0.00162008833	0.000403087268	0	0	0	0	3
128	63	0	2.030553	-0.00136847906	-0.000501816322	-0.00274013232	0.00209586071	0.00162008833	0.00039590109	0	0	0	0	3
129	63	0	2.04641669	-0.0011089497	-0.000502878799	-0.00274013232	0.00209586071	0.00162008833	0.000390663312	0	0	0	0	3
130	64	0	2.06228039	-0.000832932434	-0.000480084359	-0.00274013232	0.00209586071	0.00162008833	0.000387326957	0	0	0	0	3
131	64	0	2.07814409	-0.000479985337	-0.000426015082	-0.00274013232	0.00209586071	0.00162008833	0.000384986997	0	0	0	0	3
132	65	0	2.09400778	-0.00013657383	-0.00035252727	-0.00274013232	0.00209586071	0.00162008833	0.000387089412	0	0	0	0	3
133	65	0	2.10987148	0.000236956289	-0.000259493251	-0.00267859043	0.00209586071	0.00162008833	0.000391670173	0	0	0	0	3
134	66	0	2.12573517	0.000567442148	-0.000158054733	-0.00256997044	0.00209586071	0.00162008833	0.000410850206	0	0	0	0	3
135	66	0	2.14159887	0.000886758697	-5.00319478e-05	-0.00215814793	0.00209586071	0.00162008833	0.000426236921	0	0	0	0	3
136	67	0	2.15746256	0.00106677266	5.07468206e-05	-0.00175763768	0.00209586071	0.00157841897	0.000435841334	0	0	0	0	3
137	67	0	2.17332626	0.00132725024	0.000147149568	-0.00161441624	0.00209586071	0.00149525341	0.000451025987	0	0	0	0	3
138	68	0	2.18918995	0.00133113422	0.000223380258	-0.00161441624	0.00209586071	0.00137255992	0.000460287368	0	0	0	0	3
139	69	0	2.20505365	0.00148245936	0.000286090441	-0.00161441624	0.00209586071	0.00121742425	0.00045602139	0	0	0	0	3
140	69	0	2.22091734	0.0013642643	0.000321841741	-0.00161441624	0.00209586071	0.00104317954	0.000475876191	0	0	0	0	3
141	70	0	2.23678104	0.00135060283	0.000342820763	-0.00161441624	0.00209586071	0.000927241715	0.00047307797	0	0	0	0	3
142	70	0	2.25264473	0.00113493635	0.000334717424	-0.00161441624	0.00209586071	0.000927241715	0.000490742223	0	0	0	0	3
143	71	0	2.26850843	0.00100239541	0.000315458816	-0.00161441624	0.00209586071	0.000927241715	0.000482841016	0	0	0	0	3
144	71	0	2.28437212	0.00071665808	0.000274689023	-0.00161441624	0.00209586071	0.000927241715	0.000497169672	0	0	0	0	3
145	72	0	2.30023582	0.000491201453	0.000229850693	-0.00161441624	0.00209586071	0.000927241715	0.000483966114	0	0	0	0	3
146	72	0	2.31609951	0.000182583146	0.000170060769	-0.00161441624	0.00182685364	0.000927241715	0.000495091526	0	0	0	0	3
147	73	0	2.33196321	-6.92158898e-05	0.000110808597	-0.00161441624	0.0015023291	0.000927241715	0.000481700968	0	0	0	0	3
148	73	0	2.34782691	-0.000351007786	5.28918191e-05	-0.00161441624	0.00148245936	0.000927241715	0.000481030709	0	0	0	0	3
149	74	0	2.3636906	-0.000550431346	-7.93623881e-07	-0.00161441624	0.00148245936	0.000908703352	0.000471049237	0	0	0	0	3
150	74	0	2.3795543	-0.00075541921	-4.59688912e-05	-0.00161441624	0.00148245936	0.00085976405	0.000468915117	0	0	0	0	3
151	75	0	2.39541799	-0.00087288872	-8.20523025e-05	-0.00161441624	0.00148245936	0.000845699562	0.000458916562	0	0	0	0	3
152	75	0	2.41128169	-0.000972942301	-0.00010585919	-0.00161441624	0.00148245936	0.000845699562	0.000456910171	0	0	0	0	3
153	76	0	2.42714538	-0.000983241547	-0.000117963225	-0.00161441624	0.00148245936	0.000845699562	0.000445667639	0	0	0	0	3
154	77	0	2.44300908	-0.000963960804	-0.000117231741	-0.00161441624	0.00148245936	0.000845699562	0.000444640926	0	0	0	0	3
155	77	0	2.45887277	-0.000866450629	-0.000105157235	-0.00161441624	0.00148245936	0.000845699562	0.000435885753	0	0	0	0	3
156	78	0	2.47473647	-0.000754435567	-8.24267581e-05	-0.00161441624	0.00148245936	0.000845699562	0.000436274386	0	0	0	0	3
157	78	0	2.49060016	-0.00057351719	-5.09193637e-05	-0.00161441624	0.00148245936	0.000845699562	0.000430255144	0	0	0	0	3
158	79	0	2.50646386	-0.000383790177	-1.24622992e-05	-0.00151598724	0.00148245936	0.000845699562	0.00042954365	0	0	0	0	3
159	79	0	2.52232755	-0.000156939531	3.00079418e-05	-0.00136847906	0.00148245936	0.000845699562	0.000429978317	0	0	0	0	3
160	80	0	2.53819125	5.88916397e-05	7.46132762e-05	-0.0011089497	0.00148245936	0.000845699562	0.000432830781	0	0	0	0	3
161	81	0	2.55405494	0.000288788359	0.00011829259	-0.000983241547	0.00148245936	0.000822905122	0.000435200164	0	0	0	0	3
162	81	0	2.56991864	0.000485683912	0.000159499351	-0.000983241547	0.00148245936	0.000768835845	0.000451918676	0	0	0	0	3
163	82	0	2.58578233	0.000670021503	0.000195437065	-0.000983241547	0.00148245936	0.000695348033	0.000444475248	0	0	0	0	3
164	82	0	2.60164603	0.000811118572	0.000225052453	-0.000983241547	0.00148245936	0.000602314014	0.000468335147	0	0	0	0	3
165	83	0	2.61750973	0.000919313737	0.000246376123	-0.000983241547	0.00148245936	0.000500875496	0.000459448618	0	0	0	0	3
166	83	0	2.63337342	0.000981080325	0.000259302316	-0.000983241547	0.00148245936	0.000460783988	0.000481901848	0	0	0	0	3
167	84	0	2.64923712	0.000995026769	0.000262685693	-0.000983241547	0.00148245936	0.000460783988	0.000473464361	0	0	0	0	3
168	85	0	2.66510081	0.000968636748	0.000259618946	-0.000983241547	0.00148245936	0.000460783988	0.000493741896	0	0	0	0	3
169	85	0	2.68096451	0.000886514642	0.000245845958	-0.000983241547	0.00148245936	0.000460783988	0.000486031689	0	0	0	0	3
170	86	0	2.6968282	0.000780052866	0.000228624666	-0.000983241547	0.00148245936	0.000460783988	0.000503253415	0	0	0	0	3
171	86	0	2.7126919	0.000620898135	0.000201700878	-0.000983241547	0.0013642643	0.000460783988	0.000495693897	0	0	0	0	3
172	87	0	2.72855559	0.000444423129	0.000172955841	-0.000983241547	0.00135060283	0.000460783988	0.000506911534	0	0	0	0	3
173	87	0	2.74441929	0.000241787675	0.000138305367	-0.000983241547	0.00113493635	0.000452680649	0.000497156177	0	0	0	0	3
174	88	0	2.76028298	4.42881034e-05	0.00010422261	-0.000983241547	0.00100239541	0.000433422041	0.000500412019	0	0	0	0	3
175	88	0	2.77614668	-0.000163043002	6.78026592e-05	-0.000983241547	0.000995026769	0.000392652248	0.000494946115	0	0	0	0	3
176	89	0	2.79201037	-0.00034417617	3.46515889e-05	-0.000983241547	0.000995026769	0.000380648918	0.000492712399	0	0	0	0	3
177	90	0	2.80787407	-0.000514153052	3.2342606e-06	-0.000983241547	0.000995026769	0.000380648918	0.00048541058	0	0	0	0	3
178	90	0	2.82373776	-0.000639831148	-2.24661861e-05	-0.000983241547	0.000995026769	0.000380648918	0.000481674799	0	0	0	0	3
179	91	0	2.83960146	-0.000738994175	-4.33967575e-05	-0.000983241547	0.000995026769	0.000380648918	0.000475098677	0	0	0	0	3
180	91	0	2.85546516	-0.000791915789	-5.71751326e-05	-0.000983241547	0.000995026769	0.000380648918	0.000471111006	0	0	0	0	3
181	92	0	2.87132885	-0.000802045929	-6.50380883e-05	-0.000983241547	0.000995026769	0.000380648918	0.000464546415	0	0	0	0	3
182	92	0	2.88719255	-0.000770612272	-6.55128715e-05	-0.000983241547	0.000995026769	0.000380648918	0.000459983971	0	0	0	0	3
183	93	0	2.90305624	-0.000699877139	-6.01062596e-05	-0.000983241547	0.000995026769	0.000380648918	0.000454495919	0	0	0	0	3
184	93	0	2.91891994	-0.000582389183	-4.79014746e-05	-0.000983241547	0.000995026769	0.000380648918	0.000451431162	0	0	0	0	3
185	94	0	2.93478363	-0.000447870795	-3.11711386e-05	-0.000963960804	0.000995026769	0.000379917434	0.000448031547	0	0	0	0	3
186	94	0	2.95064733	-0.000291637765	-1.01610436e-05	-0.000866450629	0.000995026769	0.000367842928	0.000449440045	0	0	0	0	3
187	95	0	2.96651102	-0.00011597092	1.32914473e-05	-0.000802045929	0.000995026769	0.000345112451	0.000448722053	0	0	0	0	3
188	95	0	2.98237472	6.50991116e-05	3.8901906e-05	-0.000802045929	0.000995026769	0.000328198565	0.000450326228	0	0	0	0	3
189	96	0	2.99823841	0.00024682436	6.45375794e-05	-0.000802045929	0.000995026769	0.000328198565	0.000461228716	0	0	0	0	3
190	96	0	3.01410211	0.000411397658	8.93871992e-05	-0.000802045929	0.000995026769	0.000328198565	0.000457745717	0	0	0	0	3
191	97	0	3.0299658	0.000560874679	0.000111818893	-0.000802045929	0.000995026769	0.000328198565	0.000473270365	0	0	0	0	3
192	98	0	3.0458295	0.000687115555	0.000131450891	-0.000802045929	0.000995026769	0.000328198565	0.000469393833	0	0	0	0	3
193	98	0	3.06169319	0.000766980228	0.000146394387	-0.000802045929	0.000995026769	0.000328198565	0.000486008493	0	0	0	0	3
194	99	0	3.07755689	0.000808892193	0.000156494645	-0.000802045929	0.000995026769	0.000328198565	0.000480633073	0	0	0	0	3
195	99	0	3.09342058	0.000831491474	0.000161540582	-0.000802045929	0.000995026769	0.000328198565	0.000496928756	0	0	0	0	3
196	100	0	3.10928428	0.00078685867	0.00016078246	-0.000802045929	0.000995026769	0.000328198565	0.000495536018	0	0	0	0	3
197	100	0	3.12514798	0.000723485445	0.000154662826	-0.000802045929	0.000995026769	0.000328198565	0.000504443767	0	0	0	0	3
198	101	0	3.14101167	0.00061172932	0.000143120607	-0.000802045929	0.000995026769	0.000328198565	0.000502184194	0	0	0	0	3
199	101	0	3.15687537	0.000493605016	0.000127451177	-0.000802045929	0.000968636748	0.000325131817	0.000509510654	0	0	0	0	3
200	102	0	3.17273906	0.00032821539	0.00010743801	-0.000802045929	0.000886514642	0.00031135883	0.00050778229	0	0	0	0	3
201	103	0	3.18860276	0.000174131924	8.51760498e-05	-0.000802045929	0.000831491474	0.000294137537	0.000508225825	0	0	0	0	3
202	103	0	3.20446645	-6.45141729e-06	6.05977909e-05	-0.000802045929	0.000831491474	0.000267213749	0.000504720555	0	0	0	0	3
203	104	0	3.22033015	-0.000177955908	3.56336021e-05	-0.000802045929	0.000831491474	0.000238468712	0.000501014869	0	0	0	0	3
204	104	0	3.23619384	-0.000340894959	1.10924118e-05	-0.000802045929	0.000831491474	0.000227053453	0.000497385738	0	0	0	0	3
205	105	0	3.25205754	-0.000481719235	-1.15171791e-05	-0.000802045929	0.000831491474	0.000227053453	0.000494164293	0	0	0	0	3
206	106	0	3.26792123	-0.000608996755	-3.1932331e-05	-0.000802045929	0.000831491474	0.000227053453	0.000487882433	0	0	0	0	3
207	106	0	3.28378493	-0.000687932638	-4.83351321e-05	-0.000802045929	0.000831491474	0.000227053453	0.000481543488	0	0	0	0	3
208	107	0	3.29964862	-0.00069929656	-5.94326443e-05	-0.000802045929	0.000831491474	0.000227053453	0.000482001283	0	0	0	0	3
209	107	0	3.31551232	-0.000618356404	-6.2688999e-05	-0.000802045929	0.000831491474	0.000227053453	0.000472632557	0	0	0	0	3
210	108	0	3.33137601	-0.000480106043	-5.76975895e-05	-0.000802045929	0.000831491474	0.000227053453	0.000469524739	0	0	0	0	3
211	108	0	3.34723971	-0.000296548078	-4.38711489e-05	-0.000802045929	0.000831491474	0.000227053453	0.00046678615	0	0	0	0	3
212	109	0	3.3631034	-0.000127150231	-2.30972252e-05	-0.000802045929	0.000831491474	0.000227053453	0.000467565017	0	0	0	0	3
213	110	0	3.3789671	5.17413086e-05	3.58362595e-06	-0.000770612272	0.000831491474	0.000227053453	0.000466864128	0	0	0	0	3
214	110	0	3.3948308	0.000211300341	3.42683951e-05	-0.000699877139	0.000831491474	0.000224229581	0.000477527046	0	0	0	0	3
215	111	0	3.41069449	0.000366820179	6.76026863e-05	-0.00069929656	0.000831491474	0.000224229581	0.000472100769	0	0	0	0	3
216	111	0	3.42655819	0.0004826476	0.000100885086	-0.00069929656	0.000831491474	0.000224229581	0.000485253484	0	0	0	0	3
217	112	0	3.44242188	0.000591329794	0.000133360104	-0.00069929656	0.000831491474	0.000224229581	0.000480106983	0	0	0	0	3
218	112	0	3.45828558	0.000664670129	0.000163244726	-0.00069929656	0.000831491474	0.000225933725	0.000497935592	0	0	0	0	3
219	113	0	3.47414927	0.000697955396	0.000188679923	-0.00069929656	0.000831491474	0.000251368922	0.000490042219	0	0	0	0	3
220	114	0	3.49001297	0.000693777424	0.00020832612	-0.00069929656	0.000831491474	0.000271015119	0.000507248816	0	0	0	0	3
221	114	0	3.50587666	0.000652744384	0.000221011121	-0.00069929656	0.000831491474	0.00028370012	0.000499365641	0	0	0	0	3
222	115	0	3.52174036	0.000581365761	0.000226322624	-0.00069929656	0.000831491474	0.000289011623	0.000513096335	0	0	0	0	3
223	115	0	3.53760405	0.000469360156	0.000223462796	-0.00069929656	0.000831491474	0.000289011623	0.000506527313	0	0	0	0	3
224	116	0	3.55346775	0.000332583372	0.000212383665	-0.00069929656	0.000831491474	0.000289011623	0.000517593992	0	0	0	0	3
225	116	0	3.56933144	0.000174478487	0.000193867985	-0.00069929656	0.000831491474	0.000289011623	0.000509024485	0	0	0	0	3
226	117	0	3.58519514	1.42263529e-05	0.000169034678	-0.00069929656	0.000831491474	0.000289011623	0.000509847759	0	0	0	0	3
227	117	0	3.60105883	-0.000161824152	0.000137993565	-0.00069929656	0.00078685867	0.000289011623	0.000507206344	0	0	0	0	3
228	118	0	3.61692253	-0.000318310274	0.000103457035	-0.00069929656	0.000723485445	0.000289011623	0.000503284049	0	0	0	0	3
229	118	0	3.63278622	-0.000464146443	6.63435387e-05	-0.00069929656	0.000697955396	0.000289011623	0.000499749593	0	0	0	0	3
230	119	0	3.64864992	-0.000592022266	2.87263016e-05	-0.00069929656	0.000697955396	0.000289011623	0.000494304751	0	0	0	0	3
231	120	0	3.66451362	-0.000688888483	-8.22662022e-06	-0.00069929656	0.000697955396	0.000289011623	0.000489761962	0	0	0	0	3
232	120	0	3.68037731	-0.000742112859	-4.1674378e-05	-0.000742112859	0.000697955396	0.000289011623	0.000483882661	0	0	0	0	3
233	121	0	3.69624101	-0.000767887395	-7.11124817e-05	-0.000767887395	0.000697955396	0.000297435106	0.000478151502	0	0	0	0	3
234	121	0	3.7121047	-0.000746481732	-9.4238429e-05	-0.000767887395	0.000697955396	0.000320561053	0.000474566531	0	0	0	0	3
235	122	0	3.7279684	-0.000690144141	-0.000110244311	-0.000767887395	0.000697955396	0.000336566936	0.000467352735	0	0	0	0	3
236	122	0	3.74383209	-0.000598783421	-0.000118303326	-0.000767887395	0.000697955396	0.00034462595	0.000465301967	0	0	0	0	3
237	123	0	3.75969579	-0.000478497765	-0.000118202655	-0.000767887395	0.000697955396	0.00034462595	0.000462049431	0	0	0	0	3
238	123	0	3.77555948	-0.000327423303	-0.000109403484	-0.000767887395	0.000697955396	0.00034462595	0.00046103975	0	0	0	0	3
239	124	0	3.79142318	-0.000161102368	-9.29400385e-05	-0.000767887395	0.000697955396	0.00034462595	0.000460478463	0	0	0	0	3
240	124	0	3.80728687	1.85763002e-05	-7.05065116e-05	-0.000767887395	0.000697955396	0.00034462595	0.000463883825	0	0	0	0	3
241	125	0	3.82315057	0.000195025192	-4.50883368e-05	-0.000767887395	0.000697955396	0.00034462595	0.000466973803	0	0	0	0	3
242	125	0	3.83901426	0.000366065364	-1.86454803e-05	-0.000767887395	0.000697955396	0.00034462595	0.000478931212	0	0	0	0	3
243	126	0	3.85487796	0.000516200358	6.75290833e-06	-0.000767887395	0.000697955396	0.00034462595	0.000475957091	0	0	0	0	3
244	126	0	3.87074165	0.000648117597	3.09800279e-05	-0.000767887395	0.000697955396	0.00034462595	0.000487614508	0	0	0	0	3
245	127	0	3.88660535	0.000748415259	5.27510889e-05	-0.000767887395	0.000748415259	0.00034462595	0.000485946584	0	0	0	0	3
246	128	0	3.90246905	0.000815411154	7.16295518e-05	-0.000767887395	0.000815411154	0.00034462595	0.000499294393	0	0	0	0	3
247	128	0	3.91833274	0.000842986231	8.65097409e-05	-0.000767887395	0.000842986231	0.00034462595	0.000499146575	0	0	0	0	3
248	129	0	3.93419644	0.000839593651	9.7664305e-05	-0.000767887395	0.000842986231	0.00034462595	0.000509567535	0	0	0	0	3
249	129	0	3.95006013	0.000781626262	0.00010361107	-0.000767887395	0.000842986231	0.00034462595	0.000511336399	0	0	0	0	3
250	130	0	3.96592383	0.000699902237	0.000104712073	-0.000767887395	0.000842986231	0.00034462595	0.000516642757	0	0	0	0	3
251	130	0	3.98178752	0.00057660308	0.000100919813	-0.000767887395	0.000842986231	0.00034462595	0.000518897149	0	0	0	0	3
252	131	0	3.99765122	0.000432882283	9.27668399e-05	-0.000767887395	0.000842986231	0.00034462595	0.000521926276	0	0	0	0	3
253	131	0	4.01351491	0.000270008722	8.08063505e-05	-0.000767887395	0.000842986231	0.00034462595	0.00052030599	0	0	0	0	3
