Iteration	CPUTime	PhysTime	Travels	Value	AvValue	MinValue	MaxValue	Delta	Criteria	Progress	CriteriaType	CriteriaVarType	CriteriaPercentage
1	3	0	0.0158636953	0.635187641	0.635187641	0.635187641	0.635187641	0	0	0	0	0	0	3
2	4	0	0.0317273906	-0.115862223	0.259662709	-0.115862223	0.635187641	0.375524932	0	0	0	0	0	3
3	4	0	0.0475910859	1.29016396	0.603163126	-0.115862223	1.29016396	0.375524932	0	0	0	0	0	3
4	5	0	0.0634547812	0.554176804	0.590916546	-0.115862223	1.29016396	0.375524932	0	0	0	0	0	3
5	5	0	0.0793184765	0.591404	0.591014037	-0.115862223	1.29016396	0.375524932	0	0	0	0	0	3
6	6	0	0.0951821718	-0.106175417	0.474815794	-0.115862223	1.29016396	0.375524932	0	0	0	0	0	3
7	6	0	0.111045867	0.006412473	0.407901034	-0.115862223	1.29016396	0.375524932	0	0	0	0	0	3
8	7	0	0.126909562	-0.175559725	0.334968439	-0.175559725	1.29016396	0.375524932	0	0	0	0	0	3
9	7	0	0.142773258	-0.363125521	0.257402444	-0.363125521	1.29016396	0.377785197	0	0	0	0	0	3
10	8	0	0.158636953	0.234197062	0.255081905	-0.363125521	1.29016396	0.380105735	0	0	0	0	0	3
11	8	0	0.174500648	0.0110528275	0.232897444	-0.363125521	1.29016396	0.402290197	0	0	0	0	0	3
12	9	0	0.190364344	0.260375042	0.235187244	-0.363125521	1.29016396	0.402290197	0	0	0	0	0	3
13	9	0	0.206228039	0.0877208645	0.223843676	-0.363125521	1.29016396	0.411343965	0	0	0	0	0	3
14	9	0	0.222091734	0.168014102	0.219855849	-0.363125521	1.29016396	0.415331791	0	0	0	0	0	3
15	10	0	0.23795543	0.108912189	0.212459605	-0.363125521	1.29016396	0.422728035	0	0	0	0	0	3
16	10	0	0.253819125	0.120919328	0.206738338	-0.363125521	1.29016396	0.428449303	0	0	0	0	0	3
17	11	0	0.26968282	0.0849077887	0.199571835	-0.363125521	1.29016396	0.435615806	0	0	0	0	0	3
18	11	0	0.285546516	0.0478398086	0.191142278	-0.363125521	1.29016396	0.444045363	0	0	0	0	0	3
19	12	0	0.301410211	-0.0527991289	0.178303257	-0.363125521	1.29016396	0.456884384	0	0	0	0	0	3
20	12	0	0.317273906	-0.0762007712	0.165578055	-0.363125521	1.29016396	0.469609585	0	0	0	0	0	3
21	12	0	0.333137601	-0.115985744	0.152170255	-0.363125521	1.29016396	0.483017385	0	0	0	0	0	3
22	13	0	0.349001297	-0.238352386	0.134419226	-0.363125521	1.29016396	0.500768415	0	0	0	0	0	3
23	13	0	0.364864992	-0.095666089	0.124415517	-0.363125521	1.29016396	0.510772124	0	0	0	0	0	3
24	14	0	0.380728687	-0.297986412	0.106815436	-0.363125521	1.29016396	0.528372204	0	0	0	0	0	3
25	14	0	0.396592383	-0.27050818	0.0917224917	-0.363125521	1.29016396	0.543465149	0	0	0	0	0	3
26	15	0	0.412456078	-0.202265967	0.0804152433	-0.363125521	1.29016396	0.554772397	0	0	0	0	0	3
27	15	0	0.428319773	-0.214913511	0.0694771413	-0.363125521	1.29016396	0.565710499	0	0	0	0	0	3
28	15	0	0.444183469	-0.234882818	0.0586071428	-0.363125521	1.29016396	0.576580498	0	0	0	0	0	3
29	16	0	0.460047164	-0.183276164	0.0502663391	-0.363125521	1.29016396	0.584921302	0	0	0	0	0	3
30	16	0	0.475910859	-0.220225943	0.0412499297	-0.363125521	1.29016396	0.593937711	0	0	0	0	0	3
31	17	0	0.491774554	-0.270599296	0.0311902772	-0.363125521	1.29016396	0.603997363	0	0	0	0	0	3
32	17	0	0.50763825	-0.197745432	0.0240360363	-0.363125521	1.29016396	0.611151604	0	0	0	0	0	3
33	17	0	0.523501945	-0.191961027	-0.00181235956	-0.363125521	1.29016396	0.604975486	0	0	0	0	0	3
34	18	0	0.53936564	-0.190858033	-0.00415597861	-0.363125521	1.29016396	0.607319105	0	0	0	0	0	3
35	18	0	0.555229336	-0.200958176	-0.0507535454	-0.363125521	0.591404	0.641767582	0	0	0	0	0	3
36	19	0	0.571093031	-0.139459323	-0.0724296744	-0.363125521	0.591404	0.663443711	0	0	0	0	0	3
37	19	0	0.586956726	-0.157163687	-0.0958224146	-0.363125521	0.260375042	0.570638209	0	0	0	0	0	3
38	19	0	0.602820422	-0.105737703	-0.095808736	-0.363125521	0.260375042	0.503723449	0	0	0	0	0	3
39	20	0	0.618684117	-0.133249259	-0.100173165	-0.363125521	0.260375042	0.435141604	0	0	0	0	0	3
40	20	0	0.634547812	-0.0726278768	-0.0969565449	-0.363125521	0.260375042	0.357575609	0	0	0	0	0	3
41	21	0	0.650411508	-0.131685332	-0.089724039	-0.297986412	0.260375042	0.355255071	0	0	0	0	0	3
42	21	0	0.666275203	-0.0826877544	-0.0996266895	-0.297986412	0.260375042	0.335360409	0	0	0	0	0	3
43	21	0	0.682138898	-0.066854382	-0.10206129	-0.297986412	0.260375042	0.337248533	0	0	0	0	0	3
44	22	0	0.698002593	-0.0135161702	-0.11062039	-0.297986412	0.168014102	0.334464066	0	0	0	0	0	3
45	22	0	0.713866289	-0.0317145717	-0.114352748	-0.297986412	0.168014102	0.334208597	0	0	0	0	0	3
46	23	0	0.729729984	-0.0234882122	-0.120337195	-0.297986412	0.120919328	0.3327968	0	0	0	0	0	3
47	23	0	0.745593679	-0.055432067	-0.125472953	-0.297986412	0.120919328	0.332211291	0	0	0	0	0	3
48	23	0	0.761457375	-0.0411930139	-0.130538964	-0.297986412	0.0849077887	0.330110799	0	0	0	0	0	3
49	24	0	0.77732107	-0.0674015216	-0.135298629	-0.297986412	0.0478398086	0.326440908	0	0	0	0	0	3
50	24	0	0.793184765	-0.0661058428	-0.138859431	-0.297986412	-0.0135161702	0.284470242	0	0	0	0	0	3
51	24	0	0.809048461	-0.100601528	-0.140353256	-0.297986412	-0.0135161702	0.284470242	0	0	0	0	0	3
52	25	0	0.824912156	-0.107449976	-0.141329794	-0.297986412	-0.0135161702	0.284470242	0	0	0	0	0	3
53	25	0	0.840775851	-0.138987378	-0.142048595	-0.297986412	-0.0135161702	0.276467821	0	0	0	0	0	3
54	26	0	0.856639547	-0.138101414	-0.138915752	-0.297986412	-0.0135161702	0.266464112	0	0	0	0	0	3
55	26	0	0.872503242	-0.137713385	-0.14022973	-0.297986412	-0.0135161702	0.248864031	0	0	0	0	0	3
56	26	0	0.888366937	-0.149562963	-0.135591497	-0.270599296	-0.0135161702	0.233771087	0	0	0	0	0	3
57	27	0	0.904230632	-0.113652976	-0.130689772	-0.270599296	-0.0135161702	0.222463838	0	0	0	0	0	3
58	27	0	0.920094328	-0.0606652265	-0.126264749	-0.270599296	-0.0135161702	0.211525736	0	0	0	0	0	3
59	27	0	0.935958023	-0.0476768106	-0.121038602	-0.270599296	-0.0135161702	0.200655738	0	0	0	0	0	3
60	28	0	0.951821718	-0.0956893101	-0.116688805	-0.270599296	-0.0135161702	0.192314934	0	0	0	0	0	3
61	28	0	0.967685414	-0.116330573	-0.114596755	-0.270599296	-0.0135161702	0.183298524	0	0	0	0	0	3
62	29	0	0.983549109	-0.216202975	-0.114471037	-0.270599296	-0.0135161702	0.173238872	0	0	0	0	0	3
63	29	0	0.999412804	-0.181324921	-0.111681213	-0.216202975	-0.0135161702	0.166084631	0	0	0	0	0	3
64	30	0	1.0152765	-0.21457155	-0.112207029	-0.216202975	-0.0135161702	0.140236235	0.0495986844	0	35.3	0	0	3
65	30	0	1.03114019	-0.23136542	-0.113438417	-0.23136542	-0.0135161702	0.137892616	0.0495986844	0	35.9	0	0	3
66	31	0	1.04700389	-0.176702926	-0.112996069	-0.23136542	-0.0135161702	0.0912950494	0.0495986844	0	54.3	0	0	3
67	31	0	1.06286759	-0.321880024	-0.116774877	-0.321880024	-0.0135161702	0.0696189204	0.0495986844	0	71.2	0	0	3
68	32	0	1.07873128	-0.195247156	-0.118518247	-0.321880024	-0.0135161702	0.0523245558	0.0495986844	0	94.7	0	0	3
69	32	0	1.09459498	-0.295335752	-0.122836124	-0.321880024	-0.0135161702	0.0523245558	0.0495986844	0	94.7	0	0	3
70	33	0	1.11045867	-0.15767462	-0.124459153	-0.321880024	-0.0135161702	0.0523245558	0.0495986844	0	94.7	0	0	3
71	33	0	1.12632237	-0.192902445	-0.126323315	-0.321880024	-0.0135161702	0.0523245558	0.0495986844	0	94.7	0	0	3
72	34	0	1.14218606	-0.0763643803	-0.126440081	-0.321880024	-0.0135161702	0.0523245558	0.0495986844	0	94.7	0	0	3
73	34	0	1.15804976	-0.0692314628	-0.124488397	-0.321880024	-0.0135161702	0.0424219053	0.0495986844	0	100	0	0	3
74	35	0	1.17391345	0.0337675265	-0.12084917	-0.321880024	0.0337675265	0.039987305	0.0495986844	0	100	0	0	3
75	36	0	1.18977715	0.0293244201	-0.117843582	-0.321880024	0.0337675265	0.0314282046	0.0495986844	0	100	0	0	3
76	36	0	1.20564084	0.0954367133	-0.114438804	-0.321880024	0.0954367133	0.0303673817	0.0495986844	0	100	0	0	3
77	37	0	1.22150454	0.0966754756	-0.110426615	-0.321880024	0.0966754756	0.0316219793	0.0495986844	0	100	0	0	3
78	37	0	1.23736823	0.0889863261	-0.106911786	-0.321880024	0.0966754756	0.0351368087	0.0495986844	0	100	0	0	3
79	38	0	1.25323193	0.157512688	-0.100257263	-0.321880024	0.157512688	0.0417913323	0.0495986844	0	100	0	0	3
80	38	0	1.26909562	0.101336605	-0.0958032119	-0.321880024	0.157512688	0.0462453829	0.0495986844	0	100	0	0	3
81	39	0	1.28495932	0.17712009	-0.0881619116	-0.321880024	0.17712009	0.0538866832	0.0495986844	0	92	0	0	3
82	39	0	1.30082302	0.0964345494	-0.0830825243	-0.321880024	0.17712009	0.0589660705	0.0495986844	0	84.1	0	0	3
83	40	0	1.31668671	0.165496929	-0.0747669475	-0.321880024	0.17712009	0.0672816473	0.0495986844	0	73.7	0	0	3
84	40	0	1.33255041	0.00891050926	-0.0711306823	-0.321880024	0.17712009	0.0709179124	0.0495986844	0	69.9	0	0	3
85	41	0	1.3484141	0.0823811957	-0.0642129144	-0.321880024	0.17712009	0.0760168155	0.0495986844	0	65.2	0	0	3
86	41	0	1.3642778	0.0272216148	-0.0590465698	-0.321880024	0.17712009	0.0811831601	0.0495986844	0	61	0	0	3
87	42	0	1.38014149	-0.0775003824	-0.0571649134	-0.321880024	0.17712009	0.0784265837	0.0495986844	0	63.2	0	0	3
88	42	0	1.39600519	0.010532641	-0.0521619258	-0.321880024	0.17712009	0.0785278462	0.0495986844	0	63.1	0	0	3
89	43	0	1.41186888	-0.13947501	-0.0529688644	-0.321880024	0.17712009	0.0742781547	0.0495986844	0	66.7	0	0	3
90	44	0	1.42773258	-0.0559314791	-0.0528209348	-0.321880024	0.17712009	0.0742781547	0.0495986844	0	66.7	0	0	3
91	44	0	1.44359627	-0.134128974	-0.0555225649	-0.321880024	0.17712009	0.0742781547	0.0495986844	0	66.7	0	0	3
92	45	0	1.45945997	-0.0581571722	-0.0543496856	-0.321880024	0.17712009	0.0742781547	0.0495986844	0	66.7	0	0	3
93	45	0	1.47532366	-0.190806688	-0.0566770642	-0.321880024	0.17712009	0.0742781547	0.0495986844	0	66.7	0	0	3
94	46	0	1.49118736	-0.0761203753	-0.0522994829	-0.321880024	0.17712009	0.0742781547	0.0495986844	0	66.7	0	0	3
95	46	0	1.50705105	-0.153144332	-0.0514188395	-0.321880024	0.17712009	0.075021241	0.0495986844	0	66.1	0	0	3
96	47	0	1.52291475	-0.0394389647	-0.0459459462	-0.321880024	0.17712009	0.0804941343	0.0495986844	0	61.6	0	0	3
97	47	0	1.53877844	-0.0986324044	-0.0417980395	-0.321880024	0.17712009	0.084642041	0.0495986844	0	58.5	0	0	3
98	48	0	1.55464214	0.00631308394	-0.0360787892	-0.321880024	0.17712009	0.0903612913	0.0495986844	0	54.8	0	0	3
99	48	0	1.57050584	-0.0119699069	-0.0263940981	-0.295335752	0.17712009	0.100045982	0.0495986844	0	49.5	0	0	3
100	49	0	1.58636953	0.0617160726	-0.0183639972	-0.295335752	0.17712009	0.108076083	0.0495986844	0	45.8	0	0	3
101	50	0	1.60223323	0.0745196215	-0.00680601672	-0.192902445	0.17712009	0.119634064	0.0495986844	0	41.4	0	0	3
102	50	0	1.61809692	0.136338242	0.00238188521	-0.192902445	0.17712009	0.128821966	0.0495986844	0	38.5	0	0	3
103	51	0	1.63396062	0.126868877	0.012374739	-0.190806688	0.17712009	0.13881482	0.0495986844	0	35.7	0	0	3
104	51	0	1.64982431	0.164074695	0.0198884601	-0.190806688	0.17712009	0.144376857	0.0495986844	0	34.3	0	0	3
105	52	0	1.66568801	0.13495774	0.0262693727	-0.190806688	0.17712009	0.147118542	0.0495986844	0	33.7	0	0	3
106	52	0	1.6815517	0.15047536	0.0299164925	-0.190806688	0.17712009	0.147760075	0.0495986844	0	33.5	0	0	3
107	53	0	1.6974154	0.109589293	0.0324247698	-0.190806688	0.17712009	0.146863574	0.0495986844	0	33.7	0	0	3
108	53	0	1.71327909	0.125901626	0.0333767983	-0.190806688	0.17712009	0.143803414	0.0495986844	0	34.4	0	0	3
109	53	0	1.72914279	0.0217235798	0.0310345516	-0.190806688	0.17712009	0.140288584	0.0495986844	0	35.3	0	0	3
110	54	0	1.74500648	0.0523035338	0.0298882143	-0.190806688	0.17712009	0.133634061	0.0495986844	0	37.1	0	0	3
111	54	0	1.76087018	-0.00728804843	0.0247381913	-0.190806688	0.17712009	0.12918001	0.0495986844	0	38.3	0	0	3
112	55	0	1.77673387	0.0218103902	0.0222529971	-0.190806688	0.17712009	0.12153871	0.0495986844	0	40.8	0	0	3
113	55	0	1.79259757	-0.092624972	0.0138234639	-0.190806688	0.165496929	0.116459323	0.0495986844	0	42.5	0	0	3
114	56	0	1.80846126	-0.0421569723	0.00949247886	-0.190806688	0.165496929	0.108143746	0.0495986844	0	45.8	0	0	3
115	56	0	1.82432496	-0.0386575569	0.00311265116	-0.190806688	0.164074695	0.104507481	0.0495986844	0	47.4	0	0	3
116	57	0	1.84018866	-0.0837723617	0.000216311438	-0.190806688	0.164074695	0.0975897128	0.0495986844	0	50.8	0	0	3
117	57	0	1.85605235	-0.0330930676	-0.00339225929	-0.190806688	0.164074695	0.0924233681	0.0495986844	0	53.6	0	0	3
118	58	0	1.87191605	-0.0524327131	-0.00588145704	-0.190806688	0.164074695	0.0905417118	0.0495986844	0	54.7	0	0	3
119	58	0	1.88777974	0.00320616829	-0.00335937733	-0.190806688	0.164074695	0.0900538625	0.0495986844	0	55	0	0	3
120	59	0	1.90364344	-0.00645775722	-0.00389032727	-0.190806688	0.164074695	0.0900538625	0.0495986844	0	55	0	0	3
121	59	0	1.91950713	0.0447310891	0.00186611331	-0.190806688	0.164074695	0.0900538625	0.0495986844	0	55	0	0	3
122	60	0	1.93537083	0.0531423958	0.0052746719	-0.190806688	0.164074695	0.0900538625	0.0495986844	0	55	0	0	3
123	60	0	1.95123452	0.0869668992	0.0121839179	-0.190806688	0.164074695	0.0900538625	0.0495986844	0	55	0	0	3
124	61	0	1.96709822	0.0986085506	0.0170828468	-0.190806688	0.164074695	0.0900538625	0.0495986844	0	55	0	0	3
125	61	0	1.98296191	0.123961862	0.026919364	-0.153144332	0.164074695	0.0856762813	0.0495986844	0	57.8	0	0	3
126	62	0	1.99882561	0.129474472	0.033344203	-0.153144332	0.164074695	0.0847956379	0.0495986844	0	58.4	0	0	3
127	62	0	2.0146893	0.145388288	0.0426733473	-0.0986324044	0.164074695	0.0886192936	0.0495986844	0	55.9	0	0	3
128	63	0	2.030553	0.139206471	0.0482560172	-0.0986324044	0.164074695	0.0900540567	0.0495986844	0	55	0	0	3
129	63	0	2.04641669	0.145892472	0.0558974196	-0.092624972	0.164074695	0.0919762088	0.0495986844	0	53.9	0	0	3
130	64	0	2.06228039	0.132266423	0.0598334614	-0.092624972	0.164074695	0.0862275595	0.0495986844	0	57.5	0	0	3
131	64	0	2.07814409	0.131809567	0.06432657	-0.092624972	0.164074695	0.0826905672	0.0495986844	0	59.9	0	0	3
132	65	0	2.09400778	0.113799519	0.0659541777	-0.092624972	0.164074695	0.0727601944	0.0495986844	0	68.1	0	0	3
133	65	0	2.10987148	0.107005202	0.0669693521	-0.092624972	0.164074695	0.0728508091	0.0495986844	0	68	0	0	3
134	66	0	2.12573517	0.0722068885	0.0649652473	-0.092624972	0.164074695	0.0728508091	0.0495986844	0	68	0	0	3
135	66	0	2.14159887	0.0972239064	0.064038842	-0.092624972	0.164074695	0.0728508091	0.0495986844	0	68	0	0	3
136	67	0	2.15746256	0.0315371993	0.0598970452	-0.092624972	0.15047536	0.0728508091	0.0495986844	0	68	0	0	3
137	67	0	2.17332626	0.0752232643	0.0580303428	-0.092624972	0.15047536	0.0728508091	0.0495986844	0	68	0	0	3
138	68	0	2.18918995	0.00520902691	0.0534907699	-0.092624972	0.145892472	0.0728508091	0.0495986844	0	68	0	0	3
139	69	0	2.20505365	0.0572793954	0.0518560856	-0.092624972	0.145892472	0.0728508091	0.0495986844	0	68	0	0	3
140	69	0	2.22091734	0.00358959747	0.0480338347	-0.092624972	0.145892472	0.0728508091	0.0495986844	0	68	0	0	3
141	70	0	2.23678104	0.0498040713	0.0489113501	-0.092624972	0.145892472	0.0728508091	0.0495986844	0	68	0	0	3
142	70	0	2.25264473	0.00384192722	0.0473969249	-0.092624972	0.145892472	0.0728508091	0.0495986844	0	68	0	0	3
143	71	0	2.26850843	0.044204449	0.0490060654	-0.092624972	0.145892472	0.0728508091	0.0495986844	0	68	0	0	3
144	71	0	2.28437212	0.0171041975	0.0488589969	-0.092624972	0.145892472	0.0728508091	0.0495986844	0	68	0	0	3
145	72	0	2.30023582	0.0520745986	0.0533808585	-0.0837723617	0.145892472	0.0728508091	0.0495986844	0	68	0	0	3
146	72	0	2.31609951	0.0383428385	0.0558964776	-0.0837723617	0.145892472	0.0728508091	0.0495986844	0	68	0	0	3
147	73	0	2.33196321	0.0685502622	0.0592467219	-0.0837723617	0.145892472	0.0728508091	0.0495986844	0	68	0	0	3
148	73	0	2.34782691	0.066076079	0.0639294857	-0.0524327131	0.145892472	0.0728508091	0.0495986844	0	68	0	0	3
149	74	0	2.3636906	0.0884637827	0.0677281373	-0.0524327131	0.145892472	0.0736095943	0.0495986844	0	67.3	0	0	3
150	74	0	2.3795543	0.0912077315	0.0722169012	-0.00645775722	0.145892472	0.0761072285	0.0495986844	0	65.1	0	0	3
151	75	0	2.39541799	0.111373127	0.0755971186	-0.00645775722	0.145892472	0.0794874459	0.0495986844	0	62.3	0	0	3
152	75	0	2.41128169	0.114991937	0.0793924216	0.00358959747	0.145892472	0.0775263083	0.0495986844	0	63.9	0	0	3
153	76	0	2.42714538	0.130087341	0.0820598044	0.00358959747	0.145892472	0.0767851325	0.0495986844	0	64.5	0	0	3
154	77	0	2.44300908	0.129526244	0.0844467997	0.00358959747	0.145892472	0.0722628818	0.0495986844	0	68.6	0	0	3
155	77	0	2.45887277	0.137580871	0.0860284863	0.00358959747	0.145892472	0.0689456396	0.0495986844	0	71.9	0	0	3
156	78	0	2.47473647	0.132837036	0.0870981265	0.00358959747	0.145892472	0.0601787625	0.0495986844	0	82.4	0	0	3
157	78	0	2.49060016	0.134777151	0.0874361043	0.00358959747	0.145892472	0.0540919013	0.0495986844	0	91.6	0	0	3
158	79	0	2.50646386	0.125326878	0.0873064919	0.00358959747	0.145892472	0.0447627569	0.0495986844	0	100	0	0	3
159	79	0	2.52232755	0.123116903	0.0866105112	0.00358959747	0.145892472	0.0400391794	0.0495986844	0	100	0	0	3
160	80	0	2.53819125	0.109540048	0.0856834354	0.00358959747	0.145892472	0.0400391794	0.0495986844	0	100	0	0	3
161	81	0	2.55405494	0.103921291	0.084371836	0.00358959747	0.137580871	0.0400391794	0.0495986844	0	100	0	0	3
162	81	0	2.56991864	0.0842011074	0.0828697949	0.00358959747	0.137580871	0.0400391794	0.0495986844	0	100	0	0	3
163	82	0	2.58578233	0.090798274	0.081588192	0.00358959747	0.137580871	0.0400391794	0.0495986844	0	100	0	0	3
164	82	0	2.60164603	0.0683833826	0.0801689378	0.00358959747	0.137580871	0.0400391794	0.0495986844	0	100	0	0	3
165	83	0	2.61750973	0.0694940416	0.078996714	0.00358959747	0.137580871	0.0400391794	0.0495986844	0	100	0	0	3
166	83	0	2.63337342	0.0548747109	0.0784550834	0.00358959747	0.137580871	0.0400391794	0.0495986844	0	100	0	0	3
167	84	0	2.64923712	0.0569060894	0.0771951517	0.00358959747	0.137580871	0.0400391794	0.0495986844	0	100	0	0	3
168	85	0	2.66510081	0.0502614194	0.0777802835	0.00358959747	0.137580871	0.0400391794	0.0495986844	0	100	0	0	3
169	85	0	2.68096451	0.0500694648	0.0769942273	0.00358959747	0.137580871	0.0400391794	0.0495986844	0	100	0	0	3
170	86	0	2.6968282	0.0483381208	0.0783420115	0.00358959747	0.137580871	0.0400391794	0.0495986844	0	100	0	0	3
171	86	0	2.7126919	0.0542007959	0.0782458053	0.00358959747	0.137580871	0.0400391794	0.0495986844	0	100	0	0	3
172	87	0	2.72855559	0.055584536	0.0798706471	0.00384192722	0.137580871	0.0400391794	0.0495986844	0	100	0	0	3
173	87	0	2.74441929	0.0606725945	0.0802102884	0.00384192722	0.137580871	0.0400391794	0.0495986844	0	100	0	0	3
174	88	0	2.76028298	0.0690010273	0.0822465103	0.0171041975	0.137580871	0.0385771074	0.0495986844	0	100	0	0	3
175	88	0	2.77614668	0.0760791466	0.0832425946	0.0171041975	0.137580871	0.0385771074	0.0495986844	0	100	0	0	3
176	89	0	2.79201037	0.0874993715	0.0854424438	0.0383428385	0.137580871	0.0340552458	0.0495986844	0	100	0	0	3
177	90	0	2.80787407	0.0928678607	0.0867172332	0.0383428385	0.137580871	0.0315396267	0.0495986844	0	100	0	0	3
178	90	0	2.82373776	0.106090512	0.088834348	0.0483381208	0.137580871	0.0295876261	0.0495986844	0	100	0	0	3
179	91	0	2.83960146	0.111858623	0.0901877343	0.0483381208	0.137580871	0.0262582486	0.0495986844	0	100	0	0	3
180	91	0	2.85546516	0.121875351	0.0919314616	0.0483381208	0.137580871	0.0242033243	0.0495986844	0	100	0	0	3
181	92	0	2.87132885	0.125369162	0.0930847547	0.0483381208	0.137580871	0.0208678535	0.0495986844	0	100	0	0	3
182	92	0	2.88719255	0.130429909	0.0943104477	0.0483381208	0.137580871	0.0187133291	0.0495986844	0	100	0	0	3
183	93	0	2.90305624	0.130569306	0.0949103283	0.0483381208	0.137580871	0.017916101	0.0495986844	0	100	0	0	3
184	93	0	2.91891994	0.131079477	0.095413064	0.0483381208	0.137580871	0.0184188367	0.0495986844	0	100	0	0	3
185	94	0	2.93478363	0.129227748	0.0953862017	0.0483381208	0.137580871	0.0184188367	0.0495986844	0	100	0	0	3
186	94	0	2.95064733	0.125157204	0.0952496692	0.0483381208	0.137580871	0.0184188367	0.0495986844	0	100	0	0	3
187	95	0	2.96651102	0.117911366	0.0946349971	0.0483381208	0.134777151	0.0184188367	0.0495986844	0	100	0	0	3
188	95	0	2.98237472	0.113277147	0.0940237506	0.0483381208	0.134777151	0.0184188367	0.0495986844	0	100	0	0	3
189	96	0	2.99823841	0.099947219	0.0929353152	0.0483381208	0.131079477	0.0184188367	0.0495986844	0	100	0	0	3
190	96	0	3.01410211	0.098965245	0.0921115142	0.0483381208	0.131079477	0.0184188367	0.0495986844	0	100	0	0	3
191	97	0	3.0299658	0.0850374841	0.0909215324	0.0483381208	0.131079477	0.0184188367	0.0495986844	0	100	0	0	3
192	98	0	3.0458295	0.0838251352	0.0901179413	0.0483381208	0.131079477	0.0184188367	0.0495986844	0	100	0	0	3
193	98	0	3.06169319	0.0712666486	0.0890974838	0.0483381208	0.131079477	0.0184188367	0.0495986844	0	100	0	0	3
194	99	0	3.07755689	0.0679135099	0.0885884964	0.0483381208	0.131079477	0.0184188367	0.0495986844	0	100	0	0	3
195	99	0	3.09342058	0.0640258931	0.0877518595	0.0483381208	0.131079477	0.0184188367	0.0495986844	0	100	0	0	3
196	100	0	3.10928428	0.0618955458	0.0875491146	0.0483381208	0.131079477	0.0184188367	0.0495986844	0	100	0	0	3
197	100	0	3.12514798	0.0603213216	0.0872624671	0.0483381208	0.131079477	0.0184188367	0.0495986844	0	100	0	0	3
198	101	0	3.14101167	0.0604726878	0.0874374038	0.0483381208	0.131079477	0.0184188367	0.0495986844	0	100	0	0	3
199	101	0	3.15687537	0.0651506866	0.0876950475	0.0483381208	0.131079477	0.0184188367	0.0495986844	0	100	0	0	3
200	102	0	3.17273906	0.0668248532	0.0882126548	0.0483381208	0.131079477	0.0184188367	0.0495986844	0	100	0	0	3
201	103	0	3.18860276	0.0733294575	0.0889395296	0.0483381208	0.131079477	0.0171672587	0.0495986844	0	100	0	0	3
202	103	0	3.20446645	0.0793990742	0.0899101844	0.0542007959	0.131079477	0.0171672587	0.0495986844	0	100	0	0	3
203	104	0	3.22033015	0.0884160426	0.0909794108	0.055584536	0.131079477	0.0155424169	0.0495986844	0	100	0	0	3
204	104	0	3.23619384	0.0934356541	0.0921622583	0.0603213216	0.131079477	0.0152027755	0.0495986844	0	100	0	0	3
205	105	0	3.25205754	0.104492114	0.0935316183	0.0603213216	0.131079477	0.0131665537	0.0495986844	0	100	0	0	3
206	106	0	3.26792123	0.109702228	0.0948035308	0.0603213216	0.131079477	0.0121704694	0.0495986844	0	100	0	0	3
207	106	0	3.28378493	0.119645922	0.0961649925	0.0603213216	0.131079477	0.0107225487	0.0495986844	0	100	0	0	3
208	107	0	3.29964862	0.126080323	0.0973706472	0.0603213216	0.131079477	0.010653414	0.0495986844	0	100	0	0	3
209	107	0	3.31551232	0.137855666	0.0987765162	0.0603213216	0.137855666	0.0115140491	0.0495986844	0	100	0	0	3
210	108	0	3.33137601	0.140725982	0.0998588746	0.0603213216	0.140725982	0.0125964075	0.0495986844	0	100	0	0	3
211	108	0	3.34723971	0.1423058	0.100810349	0.0603213216	0.1423058	0.0135478818	0.0495986844	0	100	0	0	3
212	109	0	3.3631034	0.137114578	0.101286575	0.0603213216	0.1423058	0.0140241077	0.0495986844	0	100	0	0	3
213	110	0	3.3789671	0.135785119	0.101612073	0.0603213216	0.1423058	0.0143496063	0.0495986844	0	100	0	0	3
214	110	0	3.3948308	0.124910302	0.101439586	0.0603213216	0.1423058	0.0143496063	0.0495986844	0	100	0	0	3
215	111	0	3.41069449	0.132727487	0.101507029	0.0603213216	0.1423058	0.0143496063	0.0495986844	0	100	0	0	3
216	111	0	3.42655819	0.115450493	0.101018623	0.0603213216	0.1423058	0.0143496063	0.0495986844	0	100	0	0	3
217	112	0	3.44242188	0.120363017	0.1007416	0.0603213216	0.1423058	0.0143496063	0.0495986844	0	100	0	0	3
218	112	0	3.45828558	0.108725206	0.1002281	0.0603213216	0.1423058	0.0143496063	0.0495986844	0	100	0	0	3
219	113	0	3.47414927	0.108905007	0.0999466515	0.0603213216	0.1423058	0.0143496063	0.0495986844	0	100	0	0	3
220	114	0	3.49001297	0.0996224102	0.099519941	0.0603213216	0.1423058	0.0143496063	0.0495986844	0	100	0	0	3
221	114	0	3.50587666	0.101517993	0.0995690277	0.0603213216	0.1423058	0.0143496063	0.0495986844	0	100	0	0	3
222	115	0	3.52174036	0.0946353244	0.0994337177	0.0603213216	0.1423058	0.0143496063	0.0495986844	0	100	0	0	3
223	115	0	3.53760405	0.0980184351	0.0998393724	0.0603213216	0.1423058	0.0143496063	0.0495986844	0	100	0	0	3
224	116	0	3.55346775	0.096060426	0.100221725	0.0603213216	0.1423058	0.0143496063	0.0495986844	0	100	0	0	3
225	116	0	3.56933144	0.0984394417	0.101070875	0.0603213216	0.1423058	0.0143496063	0.0495986844	0	100	0	0	3
226	117	0	3.58519514	0.103101128	0.102170488	0.0603213216	0.1423058	0.0149080211	0.0495986844	0	100	0	0	3
227	117	0	3.60105883	0.10487673	0.103447077	0.0603213216	0.1423058	0.0161846097	0.0495986844	0	100	0	0	3
228	118	0	3.61692253	0.111773587	0.105005766	0.0603213216	0.1423058	0.0177432985	0.0495986844	0	100	0	0	3
229	118	0	3.63278622	0.116248561	0.106753492	0.0604726878	0.1423058	0.019316088	0.0495986844	0	100	0	0	3
230	119	0	3.64864992	0.124617919	0.10875803	0.0651506866	0.1423058	0.0210629828	0.0495986844	0	100	0	0	3
231	120	0	3.66451362	0.129670326	0.110774269	0.0668248532	0.1423058	0.0225616142	0.0495986844	0	100	0	0	3
232	120	0	3.68037731	0.138015837	0.112998987	0.0733294575	0.1423058	0.0240594577	0.0495986844	0	100	0	0	3
233	121	0	3.69624101	0.140683041	0.115103787	0.0793990742	0.1423058	0.0251936024	0.0495986844	0	100	0	0	3
234	121	0	3.7121047	0.146327164	0.11719529	0.0884160426	0.146327164	0.0262158787	0.0495986844	0	100	0	0	3
235	122	0	3.7279684	0.146824134	0.119020542	0.0934356541	0.146824134	0.0268582842	0.0495986844	0	100	0	0	3
236	122	0	3.74383209	0.148776628	0.120749948	0.0946353244	0.148776628	0.0272183296	0.0495986844	0	100	0	0	3
237	123	0	3.75969579	0.143770389	0.121977394	0.0946353244	0.148776628	0.0271738631	0.0495986844	0	100	0	0	3
238	123	0	3.77555948	0.141436747	0.122969098	0.0946353244	0.148776628	0.0268041051	0.0495986844	0	100	0	0	3
239	124	0	3.79142318	0.135085533	0.123451586	0.0946353244	0.148776628	0.0260809383	0.0495986844	0	100	0	0	3
240	124	0	3.80728687	0.130234362	0.123581399	0.0946353244	0.148776628	0.024804883	0.0495986844	0	100	0	0	3
241	125	0	3.82315057	0.120103424	0.123026642	0.0946353244	0.148776628	0.0241476815	0.0495986844	0	100	0	0	3
242	125	0	3.83901426	0.111385987	0.122109767	0.0946353244	0.148776628	0.0241476815	0.0495986844	0	100	0	0	3
243	126	0	3.85487796	0.106501293	0.120990876	0.0946353244	0.148776628	0.0241476815	0.0495986844	0	100	0	0	3
244	126	0	3.87074165	0.0965942726	0.119724616	0.0946353244	0.148776628	0.0241476815	0.0495986844	0	100	0	0	3
245	127	0	3.88660535	0.0895099339	0.118278517	0.0895099339	0.148776628	0.0241476815	0.0495986844	0	100	0	0	3
246	128	0	3.90246905	0.0844012969	0.11701261	0.0844012969	0.148776628	0.0241476815	0.0495986844	0	100	0	0	3
247	128	0	3.91833274	0.0795517617	0.115350869	0.0795517617	0.148776628	0.0241476815	0.0495986844	0	100	0	0	3
248	129	0	3.93419644	0.0765259682	0.114134478	0.0765259682	0.148776628	0.0241476815	0.0495986844	0	100	0	0	3
249	129	0	3.95006013	0.073088106	0.112657137	0.073088106	0.148776628	0.0241476815	0.0495986844	0	100	0	0	3
250	130	0	3.96592383	0.0739299743	0.111569786	0.073088106	0.148776628	0.0241476815	0.0495986844	0	100	0	0	3
251	130	0	3.98178752	0.0747797377	0.110503371	0.073088106	0.148776628	0.0241476815	0.0495986844	0	100	0	0	3
252	131	0	3.99765122	0.0786621017	0.109848361	0.073088106	0.148776628	0.0241476815	0.0495986844	0	100	0	0	3
253	131	0	4.01351491	0.0833094555	0.109279345	0.073088106	0.148776628	0.0241476815	0.0495986844	0	100	0	0	3
